file,PWV_kg/m^2,z_moyen,std_vertical,z_at_50pct_m,T_min,T_moy,T_eff,T_antenna,sigma_T,N_used
00041305_geop5000.parquet,1.2514666515676,5246.915811380378,139.12026744017277,5229.886181060422,271.78,270.96028062873205,270.89663173483666,29.775745790473753,[0.00143859],152.0
00060114_geop5000.parquet,27.990316680174594,12461.086356927086,4327.180285849786,12459.457521959126,264.54999999999995,262.12,262.19067515829033,189.57426051392798,[0.04780305],905.0
00060515_geop5000.parquet,2.634670316878503,6126.657936679563,617.5067100877674,6103.921930897587,268.54999999999995,262.8122804221362,263.34818253484536,93.1635202719068,[0.00711334],597.0
00060716_geop5000.parquet,0.5445535266039918,5603.982539280905,966.8351107001445,5266.839833232027,266.46,262.3250436517977,262.3465252590742,180.8821240035919,[0.00087582],3793.0
00060814_geop5000.parquet,0.1918186266180229,6360.070881692351,1446.7534139583825,6152.964859097216,268.2,260.3664303943588,259.7287722959024,180.4673715105895,[0.00084382],3519.0
00060820_geop5000.parquet,0.5451129406100332,5643.305522704131,1100.5216253854844,5316.810270105068,268.03,264.87694477295867,263.5838122764488,181.0636360504089,[0.00089361],3477.0
00062616_geop5000.parquet,0.34727601932717933,6380.765344442934,1326.3634157753595,6164.064604551826,270.75,257.46255114814306,257.93136284944353,180.5884040505333,[0.00115038],3467.0
00062618_geop5000.parquet,0.36669377969566463,6476.217035419162,1419.2760080377925,6126.780151758642,271.08,256.6089148229041,257.26319523013484,180.5460920186876,[0.00133208],3731.0
00062715_geop5000.parquet,,,,,1.0,,,,,
00062718_geop5000.parquet,0.4012526386615576,6278.883935556225,1239.123621073897,5922.816266717811,269.92999999999995,258.9897678711124,259.3678377507129,179.1028455734833,[0.00121777],3028.0
00062811_geop5000.parquet,1.2069428433664626,6668.463985443694,1287.2693191715036,6440.322319321772,263.08,254.9026800727815,254.40305410365048,171.34887354192492,[0.00288154],2006.0
00062813_geop5000.parquet,1.3006345512144823,6720.9230620288345,1310.5839495110524,6502.775802107133,265.45,254.97358979323718,254.4894346777996,179.15467459880756,[0.00272998],2982.0
00063010_geop5000.parquet,0.9197370391372164,5705.379790107616,953.4692727059914,5360.121148812926,263.91999999999996,264.68310104946187,263.61967127747516,161.4334452542288,[0.00163336],1910.0
00063013_geop5000.parquet,0.8395484403617354,5958.553904745325,1197.300339494379,5488.386468360256,269.59999999999997,264.4166914288201,263.57811497879794,181.70121833523777,[0.00146857],3844.0
00063016_geop5000.parquet,0.8829747612063517,6000.208809749663,1129.1090941175953,5629.307097436947,276.08,264.0009339268775,264.1246681968819,181.82326106724503,[0.00150711],3673.0
00070110_geop5000.parquet,0.5617696034173444,6336.995141185092,1225.443359468802,6290.06985079228,264.38,261.33004858814905,260.1744341246393,172.578074369407,[0.00171791],2547.0
00070113_geop5000.parquet,0.8278868865059035,6202.573431117695,1275.2998444385532,5767.952385167937,269.06,262.47999999999996,261.53069146064877,181.96942981953185,[0.00160005],3604.0
00070316_geop5000.parquet,6.461014328879191,6320.347121150848,1437.7092585894645,5939.281262258311,275.87,261.4012230307932,261.3567927708365,189.77619841733096,[0.005517],3836.0
00071214_geop5000.parquet,0.5487686586396952,6249.2871670729655,1278.0824397712909,5880.97240938563,267.77,256.82827699756217,257.04180745577554,179.58065060156684,[0.00131797],2905.0
00071219_geop5000.parquet,0.5477760354081221,6394.451759894908,1394.2618006238893,6038.0147692314395,267.71,255.2854824010509,256.09781386480296,180.13399283801715,[0.00150516],3815.0
00071315_geop5000.parquet,0.2675245658668023,6250.8423325741605,1706.0070720900753,5584.135395536531,269.62,259.86157667425834,259.7875305592706,180.41479904660332,[0.00091995],3091.0
00071319_geop5000.parquet,0.2804415655829556,6504.518497832463,1913.3390621033575,5789.3991220304815,269.16999999999996,258.75240751083766,257.9973675111944,178.85795675526433,[0.00112305],2797.0
00071414_geop5000.parquet,0.770109862282084,6414.601679356453,826.0000670469791,6298.712077855976,266.04999999999995,253.7279874048266,254.33759660407026,148.15504785312436,[0.00255899],1462.0
00071513_geop5000.parquet,0.7699536625627149,6058.068604288378,1464.068573915553,5484.974221224656,264.27,256.7696569785581,257.1116123519105,179.92953148967803,[0.00148871],3122.0
00071721_geop5000.parquet,1.2793915401846045,6660.008467449093,1295.2709755218825,6338.4162038534405,265.0,252.22661021700603,253.73524526842618,174.65362109217725,[0.0026522],2456.0
00071918_geop5000.parquet,0.38988955613774123,5758.2165359293995,958.4070222460927,5478.006065996308,267.03999999999996,260.4098622005883,260.9279971411741,169.56820083027375,[0.0009428],1985.0
00072302_geop5000.parquet,0.546459305510701,6022.293520941394,1086.720060170115,5675.878117503408,261.37,256.34,255.95601430316225,164.57477877575553,[0.00141214],2523.0
00072504_geop5000.parquet,0.49743100280244157,6234.303847341608,1191.8021710106368,5889.982005295032,268.65,260.71674038164593,260.63133981978336,173.6102463035367,[0.00146007],2675.0
00072518_geop5000.parquet,0.5720068710011179,6103.637057505363,951.1501202321633,5934.561563146118,274.21999999999997,263.5346911874553,263.87470475525527,181.87617924035624,[0.00129235],3554.0
00072617_geop5000.parquet,1.1800495422289332,6841.603955407476,1216.2093162239698,6736.159140122738,273.16999999999996,256.4786139279003,257.17295908371165,180.80499778652538,[0.00278421],5427.0
00072804_geop5000.parquet,0.7026762578103805,5974.004917914644,757.0552856203451,5862.825249796372,266.15,258.87995082085354,259.5349074060056,141.87025571104837,[0.00197955],2122.0
00072818_geop5000.parquet,0.878447772155779,5950.464707449644,824.6457810714493,5822.086881366617,269.69,259.7753529255035,260.54919037860543,158.64582777939904,[0.00199866],2256.0
00072910_geop5000.parquet,1.0185689389517638,6015.588432005791,1077.5967289507196,5675.447192684766,258.71999999999997,258.16058954670524,256.737199221403,156.34893171554882,[0.0022986],1571.0
00073009_geop5000.parquet,1.06137162541083,5899.175936290846,858.5929668095448,5681.654128049317,261.09,255.3282406370915,255.93925102525355,164.21127741565886,[0.00186411],2030.0
00073018_geop5000.parquet,0.661579746865014,6053.2827021546345,928.44830106124,5809.878956566008,266.28,256.4696962129278,257.08247810884285,176.56195788845002,[0.00141661],3369.0
00073109_geop5000.parquet,0.2974421748391058,5815.002861883274,1006.3131348820336,5470.127785063261,263.2,261.13997138116724,260.19742369730847,165.90015567855733,[0.00093902],2757.0
00073117_geop5000.parquet,0.10284471755156968,16606.47166748975,150.09261307390608,16573.37443140074,265.21,264.0431699950615,264.2498397659717,31.329489396938115,[0.00030113],184.0
00073118_geop5000.parquet,0.2900115071074206,5781.329718242416,1100.4727403885036,5429.948082195079,269.62,263.0283514087879,263.3046231625517,173.94547958896143,[0.00082717],2439.0
00080109_geop5000.parquet,0.1856601722719737,6399.188631922019,1424.2956853531916,5809.741102181575,264.62,260.7190568403899,258.6284923121288,139.15997780234179,[0.00132155],2174.0
00080209_geop5000.parquet,0.2086464505309486,5771.748350635449,826.5821368221608,5460.638352018502,263.03,260.9775054978818,260.4934802741426,127.50636838761216,[0.00100746],1278.0
00080313_geop5000.parquet,0.20758720276401044,7015.010907556055,2055.4310723954964,6200.702484618056,267.65,256.8866303081465,255.6201652639541,178.4034428775292,[0.00116944],5817.0
00080322_geop5000.parquet,0.5140351780716262,6426.936066517664,1616.5302712904647,5667.8523527276075,267.42999999999995,261.2504795011175,258.9681408135332,175.52267593952325,[0.00173512],3694.0
00080411_geop5000.parquet,0.6826223594528276,5786.059643349501,1023.8539994648482,5486.304729144402,263.96,265.76764910837375,262.76061195625766,166.22456891509458,[0.00137891],1912.0
00080603_geop5000.parquet,0.5888383323696318,5674.087094471438,983.7256557777481,5356.171546582199,264.91999999999996,261.7514774331713,261.73457953050263,171.6527547977721,[0.0010479],2568.0
00082215_geop5000.parquet,1.0759015401829124,6029.363090121838,1178.7671889611884,5687.65924362327,270.25,261.2024849783505,261.75736440965676,180.2982797243344,[0.00169161],3158.0
00121216_geop5000.parquet,4.283692959951665,6936.457012511586,1313.7120450258856,6709.415331534877,277.28,262.5640724061631,262.22618550409015,184.837353280668,[0.0058491],4130.0
00121316_geop5000.parquet,0.9690576945152007,6218.756663572867,1092.7233668571992,6096.254745003688,273.96999999999997,264.0424333642713,264.47744142610577,180.37446726902954,[0.00191848],5344.0
00121318_geop5000.parquet,0.9999621580836938,6168.079846593904,1072.11778749078,5950.823052077609,279.03,264.12946768937394,265.2204091104121,160.93212522517155,[0.0022547],2304.0
00121414_geop5000.parquet,0.6761370242869738,6190.768326981337,1400.8999628521597,5500.201443857066,270.83,266.16999999999996,263.878478158608,179.45273642145474,[0.00159545],5619.0
00121418_geop5000.parquet,0.7933235475118916,6063.884527224898,1200.3612850206264,5670.123625416373,277.22999999999996,266.694103151834,265.30405545140525,178.67263464938156,[0.00172078],3814.0
00121514_geop5000.parquet,0.9091012934663668,6093.0459617218185,1416.0737544486647,5574.932885499038,271.32,263.66681987240605,263.0803889772197,181.1956406649648,[0.00160253],3682.0
00121518_geop5000.parquet,0.4551342494733917,6559.4593530324455,1722.5156345745274,5767.011419428725,275.85999999999996,263.9354064696755,261.7103713380119,180.09857264282442,[0.00160877],4232.0
00121614_geop5000.parquet,1.052096910615643,6078.775019117475,1388.2038266695008,5569.498637473821,276.14,267.2017998470602,266.9011586269854,181.88986327181334,[0.00182295],3758.0
00121615_geop5000.parquet,1.6188842483262749,6209.288226352193,1228.2475578838435,5865.686243146158,280.01,266.91999999999996,267.3622944263931,182.67118609109423,[0.00242704],4269.0
00121618_geop5000.parquet,1.074737672594766,6097.552551317424,1539.6215181643583,5550.980065180688,278.23999999999995,268.9496496578838,267.76942663188737,181.67569360105142,[0.00202509],3685.0
00121713_geop5000.parquet,2.198985964131288,6065.286739864036,1399.0793651747629,5611.35386736898,275.84,266.6628494510197,267.29732475402244,183.4585658285195,[0.00266233],4474.0
01033103_geop5000.parquet,1.9660579788970998,6069.52151803508,1123.6441542132623,5700.479700442321,268.98999999999995,263.7352151803508,263.4535455162931,179.15770085293985,[0.00250537],4574.0
01040403_geop5000.parquet,3.226052460501252,6145.705398107956,1027.0956600645434,5995.304428248719,273.54999999999995,266.7929460189204,266.27266202525755,183.02925177724893,[0.00334337],3745.0
01040405_geop5000.parquet,2.6134554107206247,6034.005006506015,1132.8154993657433,5673.659959678283,272.48999999999995,266.47994993493984,265.54034845961183,181.43150574659722,[0.0029605],4360.0
01040507_geop5000.parquet,1.4756077719148917,5979.669776096173,1141.1409325674842,5600.194958509666,268.91999999999996,265.18110074634603,263.93013401254836,177.59645348064754,[0.00202812],3452.0
01040508_geop5000.parquet,1.1224502002299275,5845.380640490595,1235.643759240826,5471.917186471709,267.10999999999996,265.47999999999996,264.0128162619781,179.96642008259,[0.00162669],4035.0
01040605_geop5000.parquet,0.3222150894076474,7460.164450567783,1768.5702460549412,7273.192843794294,268.21,251.61417774716108,251.5372960289775,162.47491673720793,[0.00197518],3259.0
01040608_geop5000.parquet,1.3213308589968566,6271.811679389624,1406.8851742241386,5662.358153059986,269.79999999999995,263.8918832061037,262.3182659894532,156.89545452530737,[0.00294891],2816.0
01040609_geop5000.parquet,1.2853886029002055,6058.852393048259,1444.0281415909399,5407.680524521992,269.56,267.4814760695174,264.48731570724186,152.21792898714878,[0.00288811],2041.0
01040901_geop5000.parquet,3.229419215841893,6418.65126845553,1497.4648698858175,5870.17813043801,270.67999999999995,265.37348731544466,263.68927256079314,182.70881035007062,[0.00399463],4223.0
01040903_geop5000.parquet,2.289945678771495,6752.070339794851,1682.8963841876218,6233.808439387527,270.87,262.886197734701,261.57868039644524,183.71833015880972,[0.0039412],6507.0
01040905_geop5000.parquet,1.942977467353169,7103.762046096119,1621.9255092536505,6668.717466961972,272.53999999999996,259.58158635935916,259.2227551041139,180.71080596504834,[0.00420687],4228.0
01041001_geop5000.parquet,1.7482904913700772,6117.605914300197,1108.1546109478445,5811.490754392702,271.65999999999997,265.773940856998,265.7825766188042,182.02145162039665,[0.00243254],5626.0
01041003_geop5000.parquet,1.109425377532676,6194.019459585133,1143.3222749993197,5835.421720884123,270.81,261.1698702694324,262.20096796430033,172.13973199095398,[0.00205324],4234.0
01041006_geop5000.parquet,2.131949889859588,6248.589949000952,1208.4148731934326,5862.8986304849595,272.28999999999996,263.89410050999044,264.1620601357514,178.2975022173238,[0.00297606],5226.0
01041008_geop5000.parquet,0.9882496796102354,6078.812622748573,1063.344585947952,5808.6298013956375,272.21,265.58187377251426,265.32928396164147,180.88191721521437,[0.00178971],5591.0
01041101_geop5000.parquet,2.6695346068522805,6134.62710252889,1122.2989808720986,5768.020914205746,270.91999999999996,267.72529673103327,265.9898527097823,181.91783623700024,[0.00293879],4639.0
01041103_geop5000.parquet,2.8212513697042687,6085.830515181982,1090.144918799295,5776.912526315183,272.91999999999996,267.84084742409004,266.5742808709966,181.9467293618894,[0.00313816],5467.0
01041104_geop5000.parquet,1.019162538980512,6317.994308454079,1673.0415370142505,5615.5323881447075,273.15999999999997,265.60005691545916,264.87424069153326,179.7712785327323,[0.00201013],3712.0
01041106_geop5000.parquet,3.2636853673245976,6165.749911397094,1048.6167523715994,5904.67797330143,272.31,265.59250088602903,265.30369324554835,176.46804758305302,[0.00392837],3145.0
01041107_geop5000.parquet,3.133880968051901,6173.13270715248,1092.5118689712153,5891.335479116106,272.21,264.7486729284752,264.9754491583781,183.27191445857738,[0.00346808],4739.0
01041109_geop5000.parquet,3.19566353766044,6213.319796209302,1097.7022772483563,5932.034726398071,272.03,264.586802037907,264.9502660057804,181.8841240373755,[0.0034763],3783.0
01042419_geop5000.parquet,2.13277459468029,6202.958425074519,1224.0017217637287,5860.63998389588,268.16999999999996,257.3004157492548,259.1452272378502,175.54967238053752,[0.00298724],2780.0
01042513_geop5000.parquet,1.1893004586600249,6503.6927424585,1325.5197522829899,6135.359718664325,265.96999999999997,260.573072575415,259.6415049573676,178.8449877181839,[0.00234385],5516.0
01042518_geop5000.parquet,0.8292620831940754,5506.698294943861,696.3164618656446,5353.670636233983,271.22999999999996,263.96301705056135,265.10622003148427,157.27414728992477,[0.00130112],2927.0
01042602_geop5000.parquet,1.3972519961492542,6053.281682669294,1160.9379080524282,5595.731628991779,265.48999999999995,263.29999999999995,262.54311388752075,170.94938969138863,[0.00241422],2471.0
01042614_geop5000.parquet,0.008552113906957549,5028.841551036716,11.00567452563042,5028.802739148669,272.9,272.7577229930886,272.7823514189543,1.720417624646205,[9.03938739e-06],34.0
01042619_geop5000.parquet,0.5185808591467038,6241.68325731875,1307.6287421793895,5796.668029088426,276.65999999999997,262.97316742681244,263.4231993818075,181.12612685120985,[0.00132877],4428.0
01042700_geop5000.parquet,0.5934902550394969,5442.90402712925,453.3653108457547,5270.213755927772,266.15999999999997,268.84438389148295,267.426196978079,78.31428975274493,[0.00151191],508.0
01042714_geop5000.parquet,0.38866401528536526,6832.037425983069,1888.5506867872305,6307.673353285731,273.27,259.3097504934462,259.32277881529575,180.63297286220256,[0.0014428],4762.0
01042718_geop5000.parquet,0.7165581961695974,6802.190103907174,1914.6938755819979,6027.781232861579,272.98999999999995,258.49809896092825,258.3993380661041,181.3580580613907,[0.00211696],4268.0
01042815_geop5000.parquet,1.6185945943487838,6890.032317073393,1245.704274173553,6696.721113920128,272.38,255.21655894308867,256.51334012925344,181.16400813666638,[0.00293597],4302.0
01042819_geop5000.parquet,1.893667320635735,6110.552032882137,802.0012258627763,6043.100611528296,273.69,261.6272398355893,262.1085821082717,168.89232019358906,[0.00286919],2072.0
01042900_geop5000.parquet,2.254035001156706,6220.748384414312,1075.126075124979,5962.961315636192,268.7,259.0350064623427,260.24196293887786,180.62062585824725,[0.00280129],3375.0
01042914_geop5000.parquet,3.7978495976542304,6636.907763607655,1326.1831403555457,6351.371164920373,269.60999999999996,257.36855341835405,256.89537644602314,170.42534312230745,[0.00578415],2066.0
01042919_geop5000.parquet,2.121574409079418,5700.4207391887785,423.72556177832143,5675.528176623745,270.62,263.54737120721086,263.92641298811657,71.99176314643412,[0.00470671],317.0
01043000_geop5000.parquet,3.2034851552290373,6041.630112870505,972.4357403303896,5763.516869687923,267.65,257.7126022574101,259.272046411385,193.905189891821,[0.00306477],4493.0
01043014_geop5000.parquet,1.731852437745084,6246.542283595933,1267.7704175599577,5940.573784174464,269.72999999999996,257.1552310446179,258.83037035459836,181.6742580652301,[0.00234697],3767.0
01043018_geop5000.parquet,1.959747716729902,6278.552669159283,1324.4832396143565,5916.365062100194,274.38,258.16447330840714,259.71644938757555,182.3102455023403,[0.00272535],4043.0
01050100_geop5000.parquet,,,,,1.0,,,,,
01050114_geop5000.parquet,2.3657911565415137,6368.304363674815,1400.1155762176854,5803.430217957404,271.64,258.95304363674813,258.50472026225765,181.33124526764303,[0.0032954],3112.0
01050119_geop5000.parquet,2.420445767148457,6373.41341442372,1297.1421341662563,5985.486270482932,271.58,256.67586585576277,258.7323905851403,182.3351906895311,[0.0032211],4528.0
01050123_geop5000.parquet,2.88739801124155,6255.216742765573,1415.7814846515926,5757.495397729929,268.28999999999996,258.34783257234426,258.8265534103253,180.17463999805443,[0.00339452],2952.0
01050214_geop5000.parquet,1.719321715518188,6671.966763499315,984.2821221425933,6523.715144780875,271.84,258.6127492737551,258.96301935963834,129.9056561381562,[0.00550358],1041.0
01050219_geop5000.parquet,2.0916664895232033,6690.684683828861,1387.5638973309299,6367.550993559076,272.81,257.96972974256704,258.4199036170674,171.1825592069158,[0.00425723],2377.0
01050300_geop5000.parquet,2.5712760680980753,6363.563143355774,1381.3773891494538,5830.332554365601,268.52,259.73549485315374,259.36611562916926,176.29553230527063,[0.00382015],2260.0
01050314_geop5000.parquet,1.1205018002114446,6655.983543532088,1445.672349151721,6262.954496195225,274.04999999999995,258.1334430431194,259.2275530535972,176.04420339051222,[0.00272575],2750.0
01050318_geop5000.parquet,1.386438570083469,6504.753402997364,1437.8166151366086,6049.288899354705,274.95,259.3739727760211,261.03739064137284,179.64817777211255,[0.00272758],3034.0
01050400_geop5000.parquet,1.4679897099028856,6267.478312737687,1486.6714061694995,5619.138978447213,268.21999999999997,262.8752168726231,261.9812782909651,175.5091158918143,[0.00267859],2577.0
01050414_geop5000.parquet,0.9853681445238102,7218.996042948317,2051.196629315269,6735.386871221185,272.53,259.0533597136779,257.53426001279996,180.08474920521496,[0.00289507],4056.0
01050418_geop5000.parquet,1.5732741656470612,6868.622513163799,1610.8087489207287,6353.167439233658,275.44,259.52094371709046,260.0314977468453,182.02210340509208,[0.00316186],3341.0
01050423_geop5000.parquet,3.4961625164007257,6753.21901644174,1323.9582961556364,6474.543336346353,270.91999999999996,259.58,260.0271212049256,179.58256099722206,[0.00520564],3087.0
01050514_geop5000.parquet,5.035948427648687,6273.64485891748,1308.7713626838722,5886.278253310508,271.7,263.660710282165,263.2427408459908,185.7581791880794,[0.00458698],3033.0
01050516_geop5000.parquet,4.973436889350834,6189.049433313021,1187.210758435262,5893.093728129922,271.46,264.04975283343487,263.5786055600621,186.50454120422194,[0.00422016],4266.0
01050518_geop5000.parquet,6.5213759513147265,6350.30680379357,1214.9182737545564,5997.963793180756,270.32,261.4301136980275,262.14019777360227,185.54173164367165,[0.00620509],2926.0
01102322_geop5000.parquet,2.3128927892988704,7369.98316605691,1357.2974319783564,7389.842414676829,270.67999999999995,264.96999999999997,265.5705209257684,131.72017786816986,[0.00785186],406.0
01103121_geop5000.parquet,0.9632826553707412,5905.009813778659,477.4772268634716,5961.271579318609,267.54999999999995,262.69,262.66364741758025,89.6466557762317,[0.00317432],860.0
01120719_geop5000.parquet,0.5520526462217742,5841.18033000363,783.12547538945,5711.054980480293,278.89,267.3545628166243,268.0498771828503,180.66373992283243,[0.00106989],5191.0
01120814_geop5000.parquet,2.4572916700894973,6164.895379765951,1054.4730085416813,5977.558612901734,279.91999999999996,265.7910462023405,266.52011044663857,182.82350966721998,[0.00301749],3109.0
01120818_geop5000.parquet,2.231302046492626,6597.370683498928,1184.5335491857684,6437.271952735803,279.51,263.1585776375089,263.2116606255105,182.40168747627382,[0.00365204],3579.0
01120913_geop5000.parquet,1.4321327551190022,6665.3105085342695,1558.226823469684,6198.002690840174,276.7,261.9312632764382,262.0930474249061,181.24099336955817,[0.00291882],3552.0
01120916_geop5000.parquet,1.0079977838201746,6566.973086725003,1608.2322227781058,5863.319259839717,272.90999999999997,263.12689094395824,262.779058250392,180.76283008466436,[0.00235644],2566.0
01120919_geop5000.parquet,,,,,1.0,,,,,
01121013_geop5000.parquet,0.6397602596355267,5988.95587233703,1240.9791686331582,5689.912122150448,275.44,265.5242647659778,266.2674801505383,181.10769971504874,[0.0012408],3727.0
01121016_geop5000.parquet,0.5554740691822999,5911.895074330133,1083.7258931500892,5593.904014210753,280.15999999999997,267.538286942524,268.1960571097462,180.90882485386481,[0.00123149],3524.0
01121019_geop5000.parquet,0.3448576558165577,5774.630384924937,819.1915015935605,5628.809854237932,277.53999999999996,268.39505480485474,269.00112036084903,175.04714976284683,[0.00076996],1448.0
01121114_geop5000.parquet,0.5094350304180876,6500.917051871638,1236.6229069599713,6217.970539991423,279.9,264.1115514467025,264.85881716275225,180.16143436431162,[0.0016046],1980.0
01121119_geop5000.parquet,0.5103964676477061,6133.274656702905,1221.9739189227644,5690.114445312592,279.41999999999996,267.9743133582427,267.8478963771006,149.36709953579015,[0.00182988],811.0
01121213_geop5000.parquet,0.3639032872071043,6641.968623890669,1212.119342803336,6773.308755594775,277.67999999999995,263.39273532081995,262.9713933735057,170.20307756879436,[0.00169749],1359.0
01121219_geop5000.parquet,0.5490301365725845,6552.951129720317,1284.0224309057971,6168.302515559986,280.09,264.9504887027968,264.63725898251226,175.36871476548055,[0.00174826],1881.0
01121313_geop5000.parquet,0.4592470351325327,7206.3073571269015,1398.855133800744,7244.48137710692,277.0,257.58846321436545,257.2562465006031,180.07878946331272,[0.00194878],2394.0
01121318_geop5000.parquet,0.6711738793947685,6700.617399721612,1318.9038825780456,6334.040303588595,277.41999999999996,263.03506080222706,262.0514676835806,171.8547006076892,[0.00227019],1667.0
02110315_geop5000.parquet,1.029788343031957,5971.741440684775,691.879988864914,5937.99495584704,274.54999999999995,263.6925855931522,264.08654007617486,180.88150664212748,[0.0015979],2400.0
98082115_geop5000.parquet,4.825646097574077,6292.020335833971,1156.166323215356,5970.638607735844,275.17999999999995,267.47653109444013,267.27214473781197,185.68484008081796,[0.0049236],4267.0
98083121_geop5000.parquet,0.6725057782178419,7694.282086395814,1399.6285357347242,7439.052402485297,273.75,255.07905971201393,255.7412353940315,179.441118140816,[0.00290098],4448.0
98100917_geop5000.parquet,0.11325814729154227,6959.072343916667,1877.5226562905732,6357.642620163451,277.14,259.27951770722217,259.5069081370299,169.40340694186756,[0.00103432],2404.0
98101003_geop5000.parquet,0.7304658396771135,6202.719748079354,1155.3474795059137,5917.928593011566,268.62,260.2085350128043,261.0523941301358,176.54525975867833,[0.00167103],2580.0
98101103_geop5000.parquet,0.952943626065878,6477.438783201833,1156.133206019317,6356.357186142928,267.64,259.93707477865445,259.20749514222246,172.99077695546413,[0.00226147],2716.0
98101116_geop5000.parquet,0.5050623011353516,6492.007622875732,1020.1811374143962,6394.764629305666,274.28,259.38494282843203,260.0064396314292,179.88479851184283,[0.00146896],3104.0
98101202_geop5000.parquet,1.2847159306588347,6562.064643395146,1270.7621270748036,6295.462163980516,268.58,257.5093535660485,257.7885065536017,161.3189837567359,[0.00342593],1970.0
98101218_geop5000.parquet,0.3596274803678312,6566.739554472917,1624.8597913235299,5927.392487765025,274.25,260.14050371272566,260.8216660957618,177.47516984694238,[0.00139173],2290.0
98102414_geop5000.parquet,2.6635798155765746,6319.94218703726,932.1359942640959,6116.988843846383,266.34,259.78514453240683,259.20626221118357,174.6740070748873,[0.00345819],2458.0
98102512_geop5000.parquet,0.18863172523274715,6209.055480357557,1547.9180139217183,5538.790806441342,265.83,262.6262967976163,260.97182622320776,167.14729429214518,[0.00096313],2418.0
98102521_geop5000.parquet,0.5906784344791156,5801.146980990254,834.0544089799628,5660.171791309624,266.34,259.358897642573,260.1282054235037,170.32624573294711,[0.00096564],3254.0
98112405_geop5000.parquet,0.6418430441675245,6110.804137160761,1572.5608695181722,5297.833465994341,267.96999999999997,265.0819586283924,263.563268780958,176.8901217286232,[0.00151907],3033.0
98112411_geop5000.parquet,0.1401633547884601,6087.226633519926,1265.8745738304096,5651.556774100492,267.13,261.9438668324004,261.8015260116615,170.0498093879383,[0.0006987],2555.0
98112416_geop5000.parquet,0.3786680060594195,6214.024251435771,2295.8978276013418,5541.843160322318,274.33,263.52699001914357,264.95290649165355,175.45050836041617,[0.00109923],930.0
98112423_geop5000.parquet,1.7332271930760026,5443.744087572025,530.7930808258627,5369.567789516505,269.54999999999995,264.83085304142656,265.6963520384114,173.09967381840835,[0.00142553],3031.0
98112516_geop5000.parquet,0.25753556814202483,5761.421270316733,1113.8869955355901,5397.12943678127,276.57,267.5089468242082,267.265575858725,177.125524237295,[0.00072266],2386.0
98112521_geop5000.parquet,1.7565690732080446,5745.497520726457,616.459374884576,5680.637353150219,273.71,265.2250247927354,265.5308965324172,182.1821907173551,[0.0018126],3606.0
98112615_geop5000.parquet,0.8169083698481081,5768.272772345332,765.1700162662289,5665.257587517302,276.90999999999997,266.8945451728417,267.48875546665033,174.93223693874216,[0.00130926],2291.0
98112621_geop5000.parquet,0.9995992687722366,5708.842522063402,799.5661306940408,5602.379352938874,276.03999999999996,267.06925982349276,268.28367224962926,181.23364351968033,[0.00124156],3145.0
98112715_geop5000.parquet,0.9839594936748706,5630.974853313447,1007.2386964280286,5379.023301665811,273.92999999999995,268.71974853313446,268.8780806668005,179.03684235036894,[0.00126395],2843.0
98112720_geop5000.parquet,0.7796285843490895,5984.6871062623395,1077.045167280782,5731.745635306458,275.16999999999996,264.353877362426,265.93726526474535,179.56938009417502,[0.00143815],2988.0
98120515_geop5000.parquet,0.3784023884154676,5757.883272506546,410.0217033192394,5770.3832376165055,280.03,270.5011672749345,270.8206920337914,68.66991688205329,[0.00175846],255.0
98120523_geop5000.parquet,0.8989226901893596,5585.586850690908,692.4390838367967,5455.648121872286,271.72999999999996,267.1213051944727,267.9249047671798,156.50352936819604,[0.001474],1740.0
98120623_geop5000.parquet,0.7321459205347346,5755.050195120668,1470.7623812887305,5297.9615359298905,268.77,268.2398745121983,264.98490705804585,169.32253787326584,[0.00135315],1986.0
98120705_geop5000.parquet,0.291147411695414,5808.984002921731,1116.2013894395852,5361.4696306194855,271.84999999999997,270.0366133430724,268.2685893472765,174.54556705475758,[0.00088264],3241.0
98120714_geop5000.parquet,0.1805273918401797,6359.693416319,1841.8933821342428,5422.913055242671,277.0,266.81204389120666,265.31303243450856,178.88163153777828,[0.00098776],3657.0
98120723_geop5000.parquet,1.2933812163767737,5657.664142097832,994.0473932269991,5479.828884212627,270.81,264.9616792895108,266.1301720155551,180.89437240706226,[0.00137721],3722.0
98120805_geop5000.parquet,0.703465263417343,5736.935350779762,1416.8780059939763,5197.102605051974,266.64,266.75064649220235,265.0650258770526,177.02810403682625,[0.00121793],2671.0
98120822_geop5000.parquet,,,,,1.0,,,,,
98120905_geop5000.parquet,0.7695376530097717,5818.428449566245,1053.9067528997944,5381.206858997537,269.28,268.03285775216875,266.28045204324627,178.1963013046956,[0.0012793],2840.0
98120915_geop5000.parquet,1.158532123364153,5777.615759498801,615.2754892843744,5687.802337338542,281.17999999999995,269.65384240501197,270.1102753993806,153.98135998229333,[0.0020254],1444.0
98120923_geop5000.parquet,2.8216750291399717,6324.326907900454,873.0338126240857,6230.499299017422,273.45,264.5511539473303,263.6746076708529,183.37290558212084,[0.00360683],4004.0
98121005_geop5000.parquet,1.2193680264185092,5461.699192733338,310.78874782521876,5422.227363735747,271.33,270.8880704339111,270.6954708466421,54.65260189146866,[0.00250353],206.0
98121015_geop5000.parquet,0.9568524694726285,5936.279936262912,773.3443175477084,5823.413405341833,281.07,268.7976005463178,269.0570905825176,181.15750806803126,[0.0013792],3693.0
98121023_geop5000.parquet,1.7323757173434098,6288.661561366137,1108.7978439543185,5850.704989445362,273.42999999999995,266.721450451288,264.46198223275627,181.84451720673934,[0.00282822],3483.0
98121105_geop5000.parquet,1.5308202011924879,6506.260423395187,1156.2432521609703,6404.81430013143,272.03999999999996,263.9694791532096,263.7083587544031,154.08802928171394,[0.00408346],1263.0
98121115_geop5000.parquet,1.9182074363091188,6420.448969566644,968.2842606283741,6334.589103645729,279.57,265.49171442606695,265.7767233354635,182.76272810187447,[0.00316965],4516.0
98121123_geop5000.parquet,2.8195532962178067,6494.202233381506,1024.1872383560624,6406.584357252451,271.48999999999995,264.42638213294794,263.6009875367472,180.32743507948098,[0.00386228],3461.0
98121205_geop5000.parquet,1.6221080762603755,5813.302045536595,491.8093538467176,5797.933801417296,272.25,269.5481877267804,269.0081731410319,74.61416233407984,[0.00446922],291.0
99021718_geop5000.parquet,5.502131547888447,6155.337239585004,1003.3941467022919,5912.8492959757705,280.08,267.99112413194996,267.9952004421087,188.0951332601304,[0.00449039],3380.0
99030415_geop5000.parquet,5.004996611268791,6210.039376037242,1194.8832154806848,5915.678645786351,275.83,267.66576374377655,267.30032496565093,185.88677588454766,[0.00465407],3135.0
99030615_geop5000.parquet,5.818347202137539,6163.745682361421,1141.1692937274022,5782.875180978566,274.78999999999996,268.1594073822893,267.63865975167147,188.02955626878713,[0.00492708],3706.0
99030915_geop5000.parquet,4.513875933156032,6013.7272731435505,1092.799946453468,5695.150513692922,280.35999999999996,271.1939393904704,270.2459782951483,186.62867896435097,[0.00377603],3407.0
99031018_geop5000.parquet,7.289802287785294,6340.527155746955,1142.09182489165,6091.1594193113815,278.2,266.745910553163,267.23613444709656,190.04951609640338,[0.0061629],4038.0
99031415_geop5000.parquet,1.801604465515173,5792.407586386601,951.8798492655682,5504.485940403225,270.87,268.9901264397767,266.6313525161575,183.2645803535567,[0.00197859],4750.0
99110319_geop5000.parquet,1.4234928123226496,6626.842637896571,1295.076242332697,6393.379059270748,275.89,256.4703698526106,259.1807264362649,164.6401418349818,[0.00338509],1749.0
99110402_geop5000.parquet,1.888453728359007,5689.652964084918,654.2099353035103,5553.941114188113,263.97999999999996,263.5393145629838,262.548971096688,180.530287238975,[0.00168199],3718.0
99110409_geop5000.parquet,0.7983155059586597,5332.670559516337,197.7119027143611,5328.4157815617755,264.17999999999995,263.503026764076,263.25790233676776,36.697795404147584,[0.00172893],128.0
99110410_geop5000.parquet,0.7253616732774635,5340.842854774795,205.95373630100102,5318.7442699068115,261.08,260.64157145225204,260.63976275235626,38.802559014537096,[0.00168898],209.0
99110412_geop5000.parquet,1.013541594620365,6192.214425737747,1174.705719060472,5847.444587081885,267.12,256.14607212868873,256.8724058638642,168.25086496890395,[0.00231953],2707.0
99110500_geop5000.parquet,1.4299892934992697,6047.648821963357,737.8935968948725,5971.848895003682,267.4,257.72351178036644,258.8219614809861,179.58608681039453,[0.00202343],2718.0
99110510_geop5000.parquet,0.5838616993005001,6325.980184921758,1252.3601893679374,5992.2711760207185,272.53999999999996,263.6401981507824,262.759716404153,179.4794094128374,[0.0015728],3251.0
99110516_geop5000.parquet,0.8722981705020035,6549.936016393962,1317.2940736957623,6240.858139268103,275.41999999999996,260.7435466120201,261.7041430478833,181.3438047416402,[0.00219426],3951.0
99110518_geop5000.parquet,2.2348068429217127,6348.278691714155,1180.8141880625367,6073.77904733514,276.7,264.10977046628676,263.9577575196201,182.8277195706638,[0.00318346],5160.0
99110601_geop5000.parquet,2.8342146628627503,6435.447056471854,1188.747658889102,6168.930854076448,268.26,263.49414707646105,262.01894117137124,182.49841199241445,[0.00363689],4435.0
99110604_geop5000.parquet,2.463332448670433,6357.660786175852,969.7267829412637,6185.0992717954605,270.58,262.69339213824145,261.84556409541466,181.62524078315545,[0.00343048],3941.0
99110609_geop5000.parquet,2.7254080793797106,6335.037790784604,1241.8985419778683,5997.959122298148,269.23999999999995,262.12981104607695,261.6306691365293,183.4796405340763,[0.00334955],4165.0
99110612_geop5000.parquet,2.0604940909112526,6219.162690473139,983.4045752898488,5970.065265223541,276.97999999999996,264.0890238571611,263.90653652596296,182.13662498791916,[0.00271414],3231.0
99110618_geop5000.parquet,1.9372848299667134,5999.849968395467,983.3601644737206,5733.522511102365,278.78999999999996,266.54433354403017,266.2946676217584,182.9881437315096,[0.00222262],3923.0
99110701_geop5000.parquet,1.570296290272203,5723.132491631478,746.1016491167676,5532.611284409694,267.90999999999997,267.35999999999996,264.7423065247019,180.35685048327426,[0.00167852],3187.0
99110704_geop5000.parquet,1.0413358173930922,5747.414088188487,977.3887534187301,5349.9720542000205,266.98999999999995,266.20585911811514,264.7326095281706,179.36995747423572,[0.00149343],3254.0
99110710_geop5000.parquet,1.12198173887266,5942.426992918999,1037.4769623680643,5573.536110280453,265.10999999999996,263.88715338054,262.96826792676836,180.57650488445267,[0.00166844],3914.0
99110712_geop5000.parquet,0.49465935064656325,6311.63328539855,1352.637283840371,5881.030561036106,272.29999999999995,261.2736671460145,261.58532526833807,180.8715505773412,[0.00135789],4051.0
99110718_geop5000.parquet,1.1333043054884766,6943.485389973735,1882.1550454322833,6374.602405924848,276.62,257.3590292200525,258.26081573557065,173.92323987842462,[0.00301061],1778.0
99110719_geop5000.parquet,0.7037811421775799,6166.5014698978275,993.6942421129805,5977.135699617842,276.58,261.861862138394,263.29329584169267,180.62030580473936,[0.00145975],3328.0
99110800_geop5000.parquet,1.032315099964274,5530.031786577327,506.88929132954735,5435.898860007969,268.02,263.7896821342267,264.6502408050065,151.64389849836317,[0.00134456],1164.0
99110804_geop5000.parquet,0.5202579747543262,5538.313148794272,906.1975318674363,5239.24816894441,263.29999999999995,265.8334342560286,264.0051716031735,180.87567280114456,[0.00077819],5411.0
99110809_geop5000.parquet,0.4492733291014379,5733.900925722258,865.069046103684,5489.975677611317,266.25,262.25,262.54364625563585,179.26988711377786,[0.00083541],5458.0
99110813_geop5000.parquet,0.33362266242502314,6101.571782257008,1062.798170925827,5831.040571675851,268.96999999999997,259.7861881182866,260.9053048105088,178.8840083405645,[0.0009425],4479.0
99110819_geop5000.parquet,0.33853633781898074,5986.513868301124,985.2391527109071,5794.06929764739,274.98999999999995,262.4524306584944,263.59564535493666,176.65593038105183,[0.00090778],3142.0
99110913_geop5000.parquet,0.24616351951946847,9094.251906342512,4279.049420096909,7185.313773310994,268.90999999999997,243.78999999999996,245.6113838272012,177.14745376320886,[0.00166203],2736.0
99110915_geop5000.parquet,0.32449794542188,5851.083783406918,1007.1362231119784,5638.087624071962,270.2,261.550830118522,263.0377570434067,179.14695098437602,[0.00073493],3437.0
99110918_geop5000.parquet,0.7726933801997997,5996.164677276162,882.0343773318731,5831.538012795572,274.31,261.7741071859223,262.49659475347977,180.28545691369067,[0.00133177],3391.0
99111000_geop5000.parquet,1.0504554512798971,5884.491132764684,765.9023769910186,5756.167214980084,266.65,260.0541518879411,260.51445322018515,155.3610344505548,[0.00188618],1507.0
99111004_geop5000.parquet,0.8046044702941991,5712.465415565907,1177.1098249921095,5403.605620152469,265.4,262.17511528144695,261.9328723144684,179.04374503893013,[0.00118477],3924.0
99111009_geop5000.parquet,0.5690722115446026,5751.145255734968,1073.307114315092,5334.51301720201,262.84,263.0028491475501,261.53100669340745,178.12433341586632,[0.00104413],2881.0
99111012_geop5000.parquet,0.26999855926599026,6238.18248186819,1504.9540079328588,5717.961694085133,267.75,260.1736313859886,259.9171249857504,178.66929124899906,[0.00097831],3698.0
99111018_geop5000.parquet,1.0521411100828468,6218.081135210903,1090.9274315913858,5948.456317156019,272.95,259.2963962159636,261.23976728948406,178.87056490785005,[0.00189206],2954.0
99111113_geop5000.parquet,0.4117709838948181,5675.208964882107,872.7393445170542,5325.249199578548,265.58,261.55074621070736,261.07511895480866,151.81098253146303,[0.00111898],2933.0
99111214_geop5000.parquet,0.24977131949010306,6774.543586072823,1489.0345291761453,6479.33666999487,270.59,259.6245641392718,258.60531149429596,179.89747996677877,[0.00117215],3222.0
