file,PWV_kg/m^2,z_moyen,std_vertical,z_at_50pct_m,T_antenna,sigma_T,N_used
00041305_geop5000.parquet,1.2514666515676,5246.915811380378,139.12026744017277,5229.886181060422,7.615370372130753,0.0018314107045319578,152.0
00060114_geop5000.parquet,27.990316680174594,12461.086356927086,4327.180285849786,12459.457521959126,76.88705767432155,0.11789531978078936,905.0
00060515_geop5000.parquet,2.634670316878503,6126.657936679563,617.5067100877674,6103.921930897587,14.016106838386527,0.009921375725919283,597.0
00060716_geop5000.parquet,0.5445535266039918,5603.982539280905,966.8351107001445,5266.839833232027,4.509160216346735,0.003246033186751115,3793.0
00060814_geop5000.parquet,0.1918186266180229,6360.070881692351,1446.7534139583825,6152.964859097216,2.523343039232265,0.003068946497005812,3519.0
00060820_geop5000.parquet,0.5451129406100332,5643.305522704131,1100.5216253854844,5316.810270105068,4.452804060670841,0.0036378228109509476,3477.0
00062616_geop5000.parquet,0.34727601932717933,6380.765344442934,1326.3634157753595,6164.064604551826,3.2526331594034694,0.003929252461305667,3467.0
00062618_geop5000.parquet,0.36669377969566463,6476.217035419162,1419.2760080377925,6126.780151758642,3.3315275655491132,0.004138402064768974,3731.0
00062715_geop5000.parquet,,,,,1.0,,
00062718_geop5000.parquet,0.4012526386615576,6278.883935556225,1239.123621073897,5922.816266717811,3.491203378855276,0.004172539668230789,3028.0
00062811_geop5000.parquet,1.2069428433664626,6668.463985443694,1287.2693191715036,6440.322319321772,7.06035019618784,0.009136343462308807,2006.0
00062813_geop5000.parquet,1.3006345512144823,6720.9230620288345,1310.5839495110524,6502.775802107133,7.592002164092831,0.008867736075201445,2982.0
00063010_geop5000.parquet,0.9197370391372164,5705.379790107616,953.4692727059914,5360.121148812926,6.1584701934205714,0.0044167468942444225,1910.0
00063013_geop5000.parquet,0.8395484403617354,5958.553904745325,1197.300339494379,5488.386468360256,5.757819074498393,0.005615985751340697,3844.0
00063016_geop5000.parquet,0.8829747612063517,6000.208809749663,1129.1090941175953,5629.307097436947,5.918123586130843,0.005474108734252842,3673.0
00070110_geop5000.parquet,0.5617696034173444,6336.995141185092,1225.443359468802,6290.06985079228,4.131090991675887,0.0052419555756429825,2547.0
00070113_geop5000.parquet,0.8278868865059035,6202.573431117695,1275.2998444385532,5767.952385167937,5.593939897592865,0.0058709750635537305,3604.0
00070316_geop5000.parquet,6.461014328879191,6320.347121150848,1437.7092585894645,5939.281262258311,35.3957951679853,0.019246941252165427,3836.0
00071214_geop5000.parquet,0.5487686586396952,6249.2871670729655,1278.0824397712909,5880.97240938563,4.259319000968421,0.005621364493424505,2905.0
00071219_geop5000.parquet,0.5477760354081221,6394.451759894908,1394.2618006238893,6038.0147692314395,4.225952126606358,0.004974612554981591,3815.0
00071315_geop5000.parquet,0.2675245658668023,6250.8423325741605,1706.0070720900753,5584.135395536531,2.9074829894769474,0.0036025999402831375,3091.0
00071319_geop5000.parquet,0.2804415655829556,6504.518497832463,1913.3390621033575,5789.3991220304815,2.8983814790261597,0.00399067861037258,2797.0
00071414_geop5000.parquet,0.770109862282084,6414.601679356453,826.0000670469791,6298.712077855976,4.947951131894445,0.00621183953480168,1462.0
00071513_geop5000.parquet,0.7699536625627149,6058.068604288378,1464.068573915553,5484.974221224656,5.475618804823439,0.005037877247208794,3122.0
00071721_geop5000.parquet,1.2793915401846045,6660.008467449093,1295.2709755218825,6338.4162038534405,7.468411261141479,0.008338929291881346,2456.0
00071918_geop5000.parquet,0.38988955613774123,5758.2165359293995,958.4070222460927,5478.006065996308,3.44357459979602,0.003054101712335168,1985.0
00072302_geop5000.parquet,0.546459305510701,6022.293520941394,1086.720060170115,5675.878117503408,4.090198772776471,0.004412991202108434,2523.0
00072504_geop5000.parquet,0.49743100280244157,6234.303847341608,1191.8021710106368,5889.982005295032,3.880525588081,0.004400065820810263,2675.0
00072518_geop5000.parquet,0.5720068710011179,6103.637057505363,951.1501202321633,5934.561563146118,4.36938587345304,0.004785445094432042,3554.0
00072617_geop5000.parquet,1.1800495422289332,6841.603955407476,1216.2093162239698,6736.159140122738,6.892778298238012,0.009345695274723708,5427.0
00072804_geop5000.parquet,0.7026762578103805,5974.004917914644,757.0552856203451,5862.825249796372,4.628820270870637,0.004811101895940061,2122.0
00072818_geop5000.parquet,0.878447772155779,5950.464707449644,824.6457810714493,5822.086881366617,5.700922447813445,0.0048961453872383475,2256.0
00072910_geop5000.parquet,1.0185689389517638,6015.588432005791,1077.5967289507196,5675.447192684766,6.4245225507985015,0.006073077165987304,1571.0
00073009_geop5000.parquet,1.06137162541083,5899.175936290846,858.5929668095448,5681.654128049317,6.840581370491071,0.004661627838008701,2030.0
00073018_geop5000.parquet,0.661579746865014,6053.2827021546345,928.44830106124,5809.878956566008,4.838149175445694,0.00540568785741334,3369.0
00073109_geop5000.parquet,0.2974421748391058,5815.002861883274,1006.3131348820336,5470.127785063261,2.9131838203920766,0.002462854930603663,2757.0
00073117_geop5000.parquet,0.10284471755156968,16606.47166748975,150.09261307390608,16573.37443140074,0.7194763241180488,0.00035558473966782546,184.0
00073118_geop5000.parquet,0.2900115071074206,5781.329718242416,1100.4727403885036,5429.948082195079,2.9569715539575565,0.0025871224273544837,2439.0
00080109_geop5000.parquet,0.1856601722719737,6399.188631922019,1424.2956853531916,5809.741102181575,1.9562126879474846,0.003227095612554468,2174.0
00080209_geop5000.parquet,0.2086464505309486,5771.748350635449,826.5821368221608,5460.638352018502,2.0327934635846407,0.002239215892773611,1278.0
00080313_geop5000.parquet,0.20758720276401044,7015.010907556055,2055.4310723954964,6200.702484618056,2.4975334857691607,0.004167529984240547,5817.0
00080322_geop5000.parquet,0.5140351780716262,6426.936066517664,1616.5302712904647,5667.8523527276075,3.945139077089026,0.005094799546090201,3694.0
00080411_geop5000.parquet,0.6826223594528276,5786.059643349501,1023.8539994648482,5486.304729144402,4.878270381786708,0.00410946195967383,1912.0
00080603_geop5000.parquet,0.5888383323696318,5674.087094471438,983.7256557777481,5356.171546582199,4.525495773727912,0.003294607007782516,2568.0
00082215_geop5000.parquet,1.0759015401829124,6029.363090121838,1178.7671889611884,5687.65924362327,6.93892741675903,0.005024143737466152,3158.0
00121216_geop5000.parquet,4.283692959951665,6936.457012511586,1313.7120450258856,6709.415331534877,20.953004018843664,0.018943865599159535,4130.0
00121316_geop5000.parquet,0.9690576945152007,6218.756663572867,1092.7233668571992,6096.254745003688,6.197075623183656,0.005458812274983784,5344.0
00121318_geop5000.parquet,0.9999621580836938,6168.079846593904,1072.11778749078,5950.823052077609,6.063555104846751,0.006893134415318053,2304.0
00121414_geop5000.parquet,0.6761370242869738,6190.768326981337,1400.8999628521597,5500.201443857066,4.7873511518189815,0.005272298207586266,5619.0
00121418_geop5000.parquet,0.7933235475118916,6063.884527224898,1200.3612850206264,5670.123625416373,5.364933035694561,0.0052503860249034145,3814.0
00121514_geop5000.parquet,0.9091012934663668,6093.0459617218185,1416.0737544486647,5574.932885499038,6.017775814396808,0.0062206721013341884,3682.0
00121518_geop5000.parquet,0.4551342494733917,6559.4593530324455,1722.5156345745274,5767.011419428725,3.649228403370776,0.005933304537418336,4232.0
00121614_geop5000.parquet,1.052096910615643,6078.775019117475,1388.2038266695008,5569.498637473821,6.6528081117263955,0.0065616869357878705,3758.0
00121615_geop5000.parquet,1.6188842483262749,6209.288226352193,1228.2475578838435,5865.686243146158,9.293599201949096,0.008860640615250315,4269.0
00121618_geop5000.parquet,1.074737672594766,6097.552551317424,1539.6215181643583,5550.980065180688,6.7827540546161575,0.006715197276852968,3685.0
00121713_geop5000.parquet,2.198985964131288,6065.286739864036,1399.0793651747629,5611.35386736898,12.620066821369713,0.009491680912508788,4474.0
01033103_geop5000.parquet,1.9660579788970998,6069.52151803508,1123.6441542132623,5700.479700442321,11.375873720065043,0.008833689098928552,4574.0
01040403_geop5000.parquet,3.226052460501252,6145.705398107956,1027.0956600645434,5995.304428248719,17.738558572611765,0.012015910884165634,3745.0
01040405_geop5000.parquet,2.6134554107206247,6034.005006506015,1132.8154993657433,5673.659959678283,14.722877383096364,0.009431767584767712,4360.0
01040507_geop5000.parquet,1.4756077719148917,5979.669776096173,1141.1409325674842,5600.194958509666,8.922589421983432,0.006525210723033583,3452.0
01040508_geop5000.parquet,1.1224502002299275,5845.380640490595,1235.643759240826,5471.917186471709,7.3011697221583605,0.005155782511826332,4035.0
01040605_geop5000.parquet,0.3222150894076474,7460.164450567783,1768.5702460549412,7273.192843794294,2.559457737901277,0.005544451144709254,3259.0
01040608_geop5000.parquet,1.3213308589968566,6271.811679389624,1406.8851742241386,5662.358153059986,7.4143521890479,0.007188129265194568,2816.0
01040609_geop5000.parquet,1.2853886029002055,6058.852393048259,1444.0281415909399,5407.680524521992,7.564728545408741,0.00808264114311737,2041.0
01040901_geop5000.parquet,3.229419215841893,6418.65126845553,1497.4648698858175,5870.17813043801,17.29397927998012,0.012697260458361063,4223.0
01040903_geop5000.parquet,2.289945678771495,6752.070339794851,1682.8963841876218,6233.808439387527,11.984152852843206,0.014136056940336511,6507.0
01040905_geop5000.parquet,1.942977467353169,7103.762046096119,1621.9255092536505,6668.717466961972,9.966318713120142,0.01418764221177309,4228.0
01041001_geop5000.parquet,1.7482904913700772,6117.605914300197,1108.1546109478445,5811.490754392702,10.067301872041888,0.007537675224223871,5626.0
01041003_geop5000.parquet,1.109425377532676,6194.019459585133,1143.3222749993197,5835.421720884123,6.50082040160329,0.0061820036525916605,4234.0
01041006_geop5000.parquet,2.131949889859588,6248.589949000952,1208.4148731934326,5862.8986304849595,11.806689181943565,0.01009816623467082,5226.0
01041008_geop5000.parquet,0.9882496796102354,6078.812622748573,1063.344585947952,5808.6298013956375,6.315078620702083,0.006086044244987707,5591.0
01041101_geop5000.parquet,2.6695346068522805,6134.62710252889,1122.2989808720986,5768.020914205746,14.830104019934602,0.01035101727375893,4639.0
01041103_geop5000.parquet,2.8212513697042687,6085.830515181982,1090.144918799295,5776.912526315183,15.65168332057923,0.009641843029909272,5467.0
01041104_geop5000.parquet,1.019162538980512,6317.994308454079,1673.0415370142505,5615.5323881447075,6.331119230316298,0.006781488968919736,3712.0
01041106_geop5000.parquet,3.2636853673245976,6165.749911397094,1048.6167523715994,5904.67797330143,17.734988682662696,0.012393741668574357,3145.0
01041107_geop5000.parquet,3.133880968051901,6173.13270715248,1092.5118689712153,5891.335479116106,17.148447889611866,0.011291453477879488,4739.0
01041109_geop5000.parquet,3.19566353766044,6213.319796209302,1097.7022772483563,5932.034726398071,17.314872413894555,0.010476692739194948,3783.0
01042419_geop5000.parquet,2.13277459468029,6202.958425074519,1224.0017217637287,5860.63998389588,12.164039178431093,0.009058761351184353,2780.0
01042513_geop5000.parquet,1.1893004586600249,6503.6927424585,1325.5197522829899,6135.359718664325,7.051129376107091,0.008211311992664927,5516.0
01042518_geop5000.parquet,0.8292620831940754,5506.698294943861,696.3164618656446,5353.670636233983,5.697500430638019,0.0031311870989978808,2927.0
01042602_geop5000.parquet,1.3972519961492542,6053.281682669294,1160.9379080524282,5595.731628991779,8.37187143521855,0.006508489762464636,2471.0
01042614_geop5000.parquet,0.008552113906957549,5028.841551036716,11.00567452563042,5028.802739148669,0.05082335442228345,9.782733500421833e-06,34.0
01042619_geop5000.parquet,0.5185808591467038,6241.68325731875,1307.6287421793895,5796.668029088426,4.0252552509366035,0.004361189773104836,4428.0
01042700_geop5000.parquet,0.5934902550394969,5442.90402712925,453.3653108457547,5270.213755927772,3.6537926504604856,0.002592518838259682,508.0
01042714_geop5000.parquet,0.38866401528536526,6832.037425983069,1888.5506867872305,6307.673353285731,3.3094285914597013,0.0053741484738575075,4762.0
01042718_geop5000.parquet,0.7165581961695974,6802.190103907174,1914.6938755819979,6027.781232861579,4.823909286793672,0.007242393743775924,4268.0
01042815_geop5000.parquet,1.6185945943487838,6890.032317073393,1245.704274173553,6696.721113920128,8.87987923025625,0.012399288758237826,4302.0
01042819_geop5000.parquet,1.893667320635735,6110.552032882137,802.0012258627763,6043.100611528296,10.811148004210578,0.00893379744623736,2072.0
01042900_geop5000.parquet,2.254035001156706,6220.748384414312,1075.126075124979,5962.961315636192,12.724431924569974,0.009830540137173847,3375.0
01042914_geop5000.parquet,3.7978495976542304,6636.907763607655,1326.1831403555457,6351.371164920373,19.581448490594106,0.015918855256900653,2066.0
01042919_geop5000.parquet,2.121574409079418,5700.4207391887785,423.72556177832143,5675.528176623745,11.929703638788743,0.006959750998901915,317.0
01043000_geop5000.parquet,3.2034851552290373,6041.630112870505,972.4357403303896,5763.516869687923,21.209962295348145,0.012698927730903496,4493.0
01043014_geop5000.parquet,1.731852437745084,6246.542283595933,1267.7704175599577,5940.573784174464,10.164091364818454,0.009148221668890458,3767.0
01043018_geop5000.parquet,1.959747716729902,6278.552669159283,1324.4832396143565,5916.365062100194,11.179359102284932,0.009569952992148105,4043.0
01050100_geop5000.parquet,,,,,1.0,,
01050114_geop5000.parquet,2.3657911565415137,6368.304363674815,1400.1155762176854,5803.430217957404,13.207460918515745,0.012559277768273593,3112.0
01050119_geop5000.parquet,2.420445767148457,6373.41341442372,1297.1421341662563,5985.486270482932,13.359286580802737,0.011175245246311015,4528.0
01050123_geop5000.parquet,2.88739801124155,6255.216742765573,1415.7814846515926,5757.495397729929,16.283244512230603,0.011182733303798301,2952.0
01050214_geop5000.parquet,1.719321715518188,6671.966763499315,984.2821221425933,6523.715144780875,8.932784645865016,0.010889125954799019,1041.0
01050219_geop5000.parquet,2.0916664895232033,6690.684683828861,1387.5638973309299,6367.550993559076,11.085138376899206,0.012598328149927927,2377.0
01050300_geop5000.parquet,2.5712760680980753,6363.563143355774,1381.3773891494538,5830.332554365601,14.162090796979623,0.011507757276861959,2260.0
01050314_geop5000.parquet,1.1205018002114446,6655.983543532088,1445.672349151721,6262.954496195225,6.661233733757748,0.008998280461314519,2750.0
01050318_geop5000.parquet,1.386438570083469,6504.753402997364,1437.8166151366086,6049.288899354705,8.02124803800318,0.0102185654922606,3034.0
01050400_geop5000.parquet,1.4679897099028856,6267.478312737687,1486.6714061694995,5619.138978447213,8.644160959304948,0.008655651853154388,2577.0
01050414_geop5000.parquet,0.9853681445238102,7218.996042948317,2051.196629315269,6735.386871221185,5.751326794489442,0.010000782532885494,4056.0
01050418_geop5000.parquet,1.5732741656470612,6868.622513163799,1610.8087489207287,6353.167439233658,8.592501868085282,0.012234298296530789,3341.0
01050423_geop5000.parquet,3.4961625164007257,6753.21901644174,1323.9582961556364,6474.543336346353,17.71250083167266,0.01777566890433183,3087.0
01050514_geop5000.parquet,5.035948427648687,6273.64485891748,1308.7713626838722,5886.278253310508,27.38614285650032,0.015123594858229509,3033.0
01050516_geop5000.parquet,4.973436889350834,6189.049433313021,1187.210758435262,5893.093728129922,27.331139126702052,0.01583723592610935,4266.0
01050518_geop5000.parquet,6.5213759513147265,6350.30680379357,1214.9182737545564,5997.963793180756,34.96491722755637,0.014843371703648026,2926.0
01102322_geop5000.parquet,2.3128927892988704,7369.98316605691,1357.2974319783564,7389.842414676829,10.442719471301963,0.017409605800800088,406.0
01103121_geop5000.parquet,0.9632826553707412,5905.009813778659,477.4772268634716,5961.271579318609,5.507662180482349,0.004824970614727298,860.0
01120719_geop5000.parquet,0.5520526462217742,5841.18033000363,783.12547538945,5711.054980480293,4.25972918394723,0.003515417210217115,5191.0
01120814_geop5000.parquet,2.4572916700894973,6164.895379765951,1054.4730085416813,5977.558612901734,13.540879423186478,0.010352342457444357,3109.0
01120818_geop5000.parquet,2.231302046492626,6597.370683498928,1184.5335491857684,6437.271952735803,11.84164263701071,0.011015095347862297,3579.0
01120913_geop5000.parquet,1.4321327551190022,6665.3105085342695,1558.226823469684,6198.002690840174,8.024419010362504,0.01010163859429053,3552.0
01120916_geop5000.parquet,1.0079977838201746,6566.973086725003,1608.2322227781058,5863.319259839717,6.162088566859627,0.008640447880205999,2566.0
01120919_geop5000.parquet,,,,,1.0,,
01121013_geop5000.parquet,0.6397602596355267,5988.95587233703,1240.9791686331582,5689.912122150448,4.691805585164714,0.00409320233716471,3727.0
01121016_geop5000.parquet,0.5554740691822999,5911.895074330133,1083.7258931500892,5593.904014210753,4.261109467830205,0.0036884799226019815,3524.0
01121019_geop5000.parquet,0.3448576558165577,5774.630384924937,819.1915015935605,5628.809854237932,3.185260602763818,0.0024398749259482784,1448.0
01121114_geop5000.parquet,0.5094350304180876,6500.917051871638,1236.6229069599713,6217.970539991423,3.862405561718124,0.00558039291735502,1980.0
01121119_geop5000.parquet,0.5103964676477061,6133.274656702905,1221.9739189227644,5690.114445312592,3.568592494222843,0.00445944678540897,811.0
01121213_geop5000.parquet,0.3639032872071043,6641.968623890669,1212.119342803336,6773.308755594775,3.055871678222242,0.004767920509646193,1359.0
01121219_geop5000.parquet,0.5490301365725845,6552.951129720317,1284.0224309057971,6168.302515559986,3.9490277825675983,0.006160655531901833,1881.0
01121313_geop5000.parquet,0.4592470351325327,7206.3073571269015,1398.855133800744,7244.48137710692,3.5247346187498705,0.0068636814070697355,2394.0
01121318_geop5000.parquet,0.6711738793947685,6700.617399721612,1318.9038825780456,6334.040303588595,4.429013067194697,0.006587439023518349,1667.0
02110315_geop5000.parquet,1.029788343031957,5971.741440684775,691.879988864914,5937.99495584704,6.674008910395816,0.005270898167960543,2400.0
98082115_geop5000.parquet,4.825646097574077,6292.020335833971,1156.166323215356,5970.638607735844,25.46750592056279,0.016819682684615662,4267.0
98083121_geop5000.parquet,0.6725057782178419,7694.282086395814,1399.6285357347242,7439.052402485297,4.276516334111068,0.007895313086566456,4448.0
98100917_geop5000.parquet,0.11325814729154227,6959.072343916667,1877.5226562905732,6357.642620163451,1.9431040567381985,0.0031847294566166875,2404.0
98101003_geop5000.parquet,0.7304658396771135,6202.719748079354,1155.3474795059137,5917.928593011566,5.065859421743786,0.005297670135317437,2580.0
98101103_geop5000.parquet,0.952943626065878,6477.438783201833,1156.133206019317,6356.357186142928,5.92354211340154,0.00747618152538082,2716.0
98101116_geop5000.parquet,0.5050623011353516,6492.007622875732,1020.1811374143962,6394.764629305666,3.9146624325821424,0.005061937705701277,3104.0
98101202_geop5000.parquet,1.2847159306588347,6562.064643395146,1270.7621270748036,6295.462163980516,7.298933788244886,0.008177174080464701,1970.0
98101218_geop5000.parquet,0.3596274803678312,6566.739554472917,1624.8597913235299,5927.392487765025,3.189147460512872,0.00470775007956821,2290.0
98102414_geop5000.parquet,2.6635798155765746,6319.94218703726,932.1359942640959,6116.988843846383,14.119966694659373,0.011724917305727925,2458.0
98102512_geop5000.parquet,0.18863172523274715,6209.055480357557,1547.9180139217183,5538.790806441342,2.274229239503171,0.002849220317281626,2418.0
98102521_geop5000.parquet,0.5906784344791156,5801.146980990254,834.0544089799628,5660.171791309624,4.2494609893398465,0.0031124704243507026,3254.0
98112405_geop5000.parquet,0.6418430441675245,6110.804137160761,1572.5608695181722,5297.833465994341,4.641373252643787,0.005247465904120119,3033.0
98112411_geop5000.parquet,0.1401633547884601,6087.226633519926,1265.8745738304096,5651.556774100492,2.0505694084349964,0.001837954106351526,2555.0
98112416_geop5000.parquet,0.3786680060594195,6214.024251435771,2295.8978276013418,5541.843160322318,3.3188801443537104,0.0038048583691038585,930.0
98112423_geop5000.parquet,1.7332271930760026,5443.744087572025,530.7930808258627,5369.567789516505,11.377366592306995,0.003414058800606235,3031.0
98112516_geop5000.parquet,0.25753556814202483,5761.421270316733,1113.8869955355901,5397.12943678127,2.8020309016545717,0.0023355034351539824,2386.0
98112521_geop5000.parquet,1.7565690732080446,5745.497520726457,616.459374884576,5680.637353150219,10.755986381424986,0.005726765902640693,3606.0
98112615_geop5000.parquet,0.8169083698481081,5768.272772345332,765.1700162662289,5665.257587517302,5.590924498888983,0.004267128751557369,2291.0
98112621_geop5000.parquet,0.9995992687722366,5708.842522063402,799.5661306940408,5602.379352938874,6.65228774562824,0.004126964385567022,3145.0
98112715_geop5000.parquet,0.9839594936748706,5630.974853313447,1007.2386964280286,5379.023301665811,6.689500429128705,0.0040041994492838115,2843.0
98112720_geop5000.parquet,0.7796285843490895,5984.6871062623395,1077.045167280782,5731.745635306458,5.349345657483822,0.0047636058186932805,2988.0
98120515_geop5000.parquet,0.3784023884154676,5757.883272506546,410.0217033192394,5770.3832376165055,2.300686790498732,0.0023492368118456426,255.0
98120523_geop5000.parquet,0.8989226901893596,5585.586850690908,692.4390838367967,5455.648121872286,5.942435658228753,0.003569374963395716,1740.0
98120623_geop5000.parquet,0.7321459205347346,5755.050195120668,1470.7623812887305,5297.9615359298905,5.163403969681817,0.004287460272746088,1986.0
98120705_geop5000.parquet,0.291147411695414,5808.984002921731,1116.2013894395852,5361.4696306194855,2.9002398017340605,0.002746148529628741,3241.0
98120714_geop5000.parquet,0.1805273918401797,6359.693416319,1841.8933821342428,5422.913055242671,2.379317944991845,0.0032036283217323235,3657.0
98120723_geop5000.parquet,1.2933812163767737,5657.664142097832,994.0473932269991,5479.828884212627,8.443950484748655,0.004338476545388429,3722.0
98120805_geop5000.parquet,0.703465263417343,5736.935350779762,1416.8780059939763,5197.102605051974,5.204029528002513,0.0043527364110484985,2671.0
98120822_geop5000.parquet,,,,,1.0,,
98120905_geop5000.parquet,0.7695376530097717,5818.428449566245,1053.9067528997944,5381.206858997537,5.376814670631666,0.004388656357622096,2840.0
98120915_geop5000.parquet,1.158532123364153,5777.615759498801,615.2754892843744,5687.802337338542,6.981010480105908,0.0049844420985711855,1444.0
98120923_geop5000.parquet,2.8216750291399717,6324.326907900454,873.0338126240857,6230.499299017422,15.251826577444444,0.012792109732035305,4004.0
98121005_geop5000.parquet,1.2193680264185092,5461.699192733338,310.78874782521876,5422.227363735747,6.82559885891567,0.003436619552865874,206.0
98121015_geop5000.parquet,0.9568524694726285,5936.279936262912,773.3443175477084,5823.413405341833,6.191627187395219,0.005376756765824545,3693.0
98121023_geop5000.parquet,1.7323757173434098,6288.661561366137,1108.7978439543185,5850.704989445362,9.831205345177903,0.00869564093110301,3483.0
98121105_geop5000.parquet,1.5308202011924879,6506.260423395187,1156.2432521609703,6404.81430013143,8.239824299338755,0.009462128362297506,1263.0
98121115_geop5000.parquet,1.9182074363091188,6420.448969566644,968.2842606283741,6334.589103645729,10.483921506292354,0.011207542559072553,4516.0
98121123_geop5000.parquet,2.8195532962178067,6494.202233381506,1024.1872383560624,6406.584357252451,14.848267952159485,0.013672022490512714,3461.0
98121205_geop5000.parquet,1.6221080762603755,5813.302045536595,491.8093538467176,5797.933801417296,8.691166008769612,0.0064442471457583144,291.0
99021718_geop5000.parquet,5.502131547888447,6155.337239585004,1003.3941467022919,5912.8492959757705,29.701855459537736,0.015877351228145313,3380.0
99030415_geop5000.parquet,5.004996611268791,6210.039376037242,1194.8832154806848,5915.678645786351,27.15660967202692,0.014890296335979993,3135.0
99030615_geop5000.parquet,5.818347202137539,6163.745682361421,1141.1692937274022,5782.875180978566,31.888005817079023,0.016866601793525053,3706.0
99030915_geop5000.parquet,4.513875933156032,6013.7272731435505,1092.799946453468,5695.150513692922,24.946641195655967,0.011315549378622497,3407.0
99031018_geop5000.parquet,7.289802287785294,6340.527155746955,1142.09182489165,6091.1594193113815,38.38520801032267,0.020242576564478754,4038.0
99031415_geop5000.parquet,1.801604465515173,5792.407586386601,951.8798492655682,5504.485940403225,10.96766074841463,0.006660963826500097,4750.0
99110319_geop5000.parquet,1.4234928123226496,6626.842637896571,1295.076242332697,6393.379059270748,7.849167126053944,0.010812013270652832,1749.0
99110402_geop5000.parquet,1.888453728359007,5689.652964084918,654.2099353035103,5553.941114188113,11.730574129178073,0.0067073792172026685,3718.0
99110409_geop5000.parquet,0.7983155059586597,5332.670559516337,197.7119027143611,5328.4157815617755,4.68116451050856,0.0018788710705612511,128.0
99110410_geop5000.parquet,0.7253616732774635,5340.842854774795,205.95373630100102,5318.7442699068115,4.2931494840481115,0.00190704921556642,209.0
99110412_geop5000.parquet,1.013541594620365,6192.214425737747,1174.705719060472,5847.444587081885,6.379372121108173,0.0061572131370948285,2707.0
99110500_geop5000.parquet,1.4299892934992697,6047.648821963357,737.8935968948725,5971.848895003682,8.734342765458695,0.006588614743977982,2718.0
99110510_geop5000.parquet,0.5838616993005001,6325.980184921758,1252.3601893679374,5992.2711760207185,4.261004313684042,0.004410656383062315,3251.0
99110516_geop5000.parquet,0.8722981705020035,6549.936016393962,1317.2940736957623,6240.858139268103,5.564855414192742,0.007070580977382398,3951.0
99110518_geop5000.parquet,2.2348068429217127,6348.278691714155,1180.8141880625367,6073.77904733514,12.167607916866011,0.008819514725863812,5160.0
99110601_geop5000.parquet,2.8342146628627503,6435.447056471854,1188.747658889102,6168.930854076448,15.106884503036703,0.012609545242488682,4435.0
99110604_geop5000.parquet,2.463332448670433,6357.660786175852,969.7267829412637,6185.0992717954605,13.392768305117979,0.011234686804045688,3941.0
99110609_geop5000.parquet,2.7254080793797106,6335.037790784604,1241.8985419778683,5997.959122298148,14.797653480929355,0.012170553368932278,4165.0
99110612_geop5000.parquet,2.0604940909112526,6219.162690473139,983.4045752898488,5970.065265223541,11.493552143330993,0.009557193745346486,3231.0
99110618_geop5000.parquet,1.9372848299667134,5999.849968395467,983.3601644737206,5733.522511102365,11.175402332405191,0.008576939289168813,3923.0
99110701_geop5000.parquet,1.570296290272203,5723.132491631478,746.1016491167676,5532.611284409694,9.805529711287699,0.005934628525473011,3187.0
99110704_geop5000.parquet,1.0413358173930922,5747.414088188487,977.3887534187301,5349.9720542000205,6.936105514099797,0.005135519108586764,3254.0
99110710_geop5000.parquet,1.12198173887266,5942.426992918999,1037.4769623680643,5573.536110280453,7.1788392993611465,0.006565498673056798,3914.0
99110712_geop5000.parquet,0.49465935064656325,6311.63328539855,1352.637283840371,5881.030561036106,3.922135431931494,0.004850561300392505,4051.0
99110718_geop5000.parquet,1.1333043054884766,6943.485389973735,1882.1550454322833,6374.602405924848,6.444892907618347,0.010717035765302828,1778.0
99110719_geop5000.parquet,0.7037811421775799,6166.5014698978275,993.6942421129805,5977.135699617842,4.9086626384199015,0.004963324864891049,3328.0
99110800_geop5000.parquet,1.032315099964274,5530.031786577327,506.88929132954735,5435.898860007969,6.711928234130037,0.0032043991323293837,1164.0
99110804_geop5000.parquet,0.5202579747543262,5538.313148794272,906.1975318674363,5239.24816894441,4.335658599625513,0.0030748123368046004,5411.0
99110809_geop5000.parquet,0.4492733291014379,5733.900925722258,865.069046103684,5489.975677611317,3.84030247236144,0.0034462698001148646,5458.0
99110813_geop5000.parquet,0.33362266242502314,6101.571782257008,1062.798170925827,5831.040571675851,3.183166316694945,0.0029613908587490063,4479.0
99110819_geop5000.parquet,0.33853633781898074,5986.513868301124,985.2391527109071,5794.06929764739,3.175198978587207,0.0029388455913683074,3142.0
99110913_geop5000.parquet,0.24616351951946847,9094.251906342512,4279.049420096909,7185.313773310994,2.476486094450609,0.006268728397211482,2736.0
99110915_geop5000.parquet,0.32449794542188,5851.083783406918,1007.1362231119784,5638.087624071962,3.1864841302872344,0.00306934392505113,3437.0
99110918_geop5000.parquet,0.7726933801997997,5996.164677276162,882.0343773318731,5831.538012795572,5.385974324062241,0.0046054022309619715,3391.0
99111000_geop5000.parquet,1.0504554512798971,5884.491132764684,765.9023769910186,5756.167214980084,6.607329884867372,0.005156299938631542,1507.0
99111004_geop5000.parquet,0.8046044702941991,5712.465415565907,1177.1098249921095,5403.605620152469,5.790166622708655,0.004815323602000504,3924.0
99111009_geop5000.parquet,0.5690722115446026,5751.145255734968,1073.307114315092,5334.51301720201,4.468640928761902,0.004053048783117235,2881.0
99111012_geop5000.parquet,0.26999855926599026,6238.18248186819,1504.9540079328588,5717.961694085133,2.864032609636892,0.003084306143936539,3698.0
99111018_geop5000.parquet,1.0521411100828468,6218.081135210903,1090.9274315913858,5948.456317156019,6.583230563649944,0.006222628777128337,2954.0
99111113_geop5000.parquet,0.4117709838948181,5675.208964882107,872.7393445170542,5325.249199578548,3.3524734661365048,0.003102146459533333,2933.0
99111214_geop5000.parquet,0.24977131949010306,6774.543586072823,1489.0345291761453,6479.33666999487,2.7099671505385095,0.004267280940206387,3222.0
