file,PWV_kg/m^2,z_moyen,std_vertical,z_at_50pct_m,T_antenna,sigma_T,N_used
00041305_geop5000.parquet,1.2514666515676,5246.915811380378,139.12026744017277,5229.886181060422,10.734343132067874,0.002928528501866239,152.0
00060114_geop5000.parquet,27.990316680174594,12461.086356927086,4327.180285849786,12459.457521959126,101.53696673202134,0.16934353089482235,905.0
00060515_geop5000.parquet,2.634670316878503,6126.657936679563,617.5067100877674,6103.921930897587,19.588634204316826,0.017790570976362614,597.0
00060716_geop5000.parquet,0.5445535266039918,5603.982539280905,966.8351107001445,5266.839833232027,6.3540080740458915,0.005277734734792312,3793.0
00060814_geop5000.parquet,0.1918186266180229,6360.070881692351,1446.7534139583825,6152.964859097216,3.559195564289933,0.005353703471616441,3519.0
00060820_geop5000.parquet,0.5451129406100332,5643.305522704131,1100.5216253854844,5316.810270105068,6.2747450440283075,0.0055161653200006665,3477.0
00062616_geop5000.parquet,0.34727601932717933,6380.765344442934,1326.3634157753595,6164.064604551826,4.585076694301783,0.00724324524752926,3467.0
00062618_geop5000.parquet,0.36669377969566463,6476.217035419162,1419.2760080377925,6126.780151758642,4.69572758054701,0.008120861330402367,3731.0
00062715_geop5000.parquet,,,,,1.0,,
00062718_geop5000.parquet,0.4012526386615576,6278.883935556225,1239.123621073897,5922.816266717811,4.920468184288855,0.007616529365134424,3028.0
00062811_geop5000.parquet,1.2069428433664626,6668.463985443694,1287.2693191715036,6440.322319321772,9.92079916187352,0.016454351252454404,2006.0
00062813_geop5000.parquet,1.3006345512144823,6720.9230620288345,1310.5839495110524,6502.775802107133,10.663036006392911,0.01668181826330212,2982.0
00063010_geop5000.parquet,0.9197370391372164,5705.379790107616,953.4692727059914,5360.121148812926,8.665540463425177,0.0075954651593641105,1910.0
00063013_geop5000.parquet,0.8395484403617354,5958.553904745325,1197.300339494379,5488.386468360256,8.102787056582091,0.009614085974586068,3844.0
00063016_geop5000.parquet,0.8829747612063517,6000.208809749663,1129.1090941175953,5629.307097436947,8.326693635416785,0.00938696002359315,3673.0
00070110_geop5000.parquet,0.5617696034173444,6336.995141185092,1225.443359468802,6290.06985079228,5.820712587663711,0.009225566914400045,2547.0
00070113_geop5000.parquet,0.8278868865059035,6202.573431117695,1275.2998444385532,5767.952385167937,7.871638955878121,0.010871982584489437,3604.0
00070316_geop5000.parquet,6.461014328879191,6320.347121150848,1437.7092585894645,5939.281262258311,48.59916376355992,0.030246468664710535,3836.0
00071214_geop5000.parquet,0.5487686586396952,6249.2871670729655,1278.0824397712909,5880.97240938563,5.999129939347082,0.008972871879556992,2905.0
00071219_geop5000.parquet,0.5477760354081221,6394.451759894908,1394.2618006238893,6038.0147692314395,5.951921277561793,0.00968504490683523,3815.0
00071315_geop5000.parquet,0.2675245658668023,6250.8423325741605,1706.0070720900753,5584.135395536531,4.099537884897745,0.006015323170694413,3091.0
00071319_geop5000.parquet,0.2804415655829556,6504.518497832463,1913.3390621033575,5789.3991220304815,4.086416108452484,0.0074398773313729205,2797.0
00071414_geop5000.parquet,0.770109862282084,6414.601679356453,826.0000670469791,6298.712077855976,6.96416989154166,0.010523332609703243,1462.0
00071513_geop5000.parquet,0.7699536625627149,6058.068604288378,1464.068573915553,5484.974221224656,7.706183761008518,0.009477091436790033,3122.0
00071721_geop5000.parquet,1.2793915401846045,6660.008467449093,1295.2709755218825,6338.4162038534405,10.490304544984262,0.015147889480121012,2456.0
00071918_geop5000.parquet,0.38988955613774123,5758.2165359293995,958.4070222460927,5478.006065996308,4.855160304167638,0.0052040663718740734,1985.0
00072302_geop5000.parquet,0.546459305510701,6022.293520941394,1086.720060170115,5675.878117503408,5.763263937431773,0.007942183630752442,2523.0
00072504_geop5000.parquet,0.49743100280244157,6234.303847341608,1191.8021710106368,5889.982005295032,5.467539924109098,0.008220844461212207,2675.0
00072518_geop5000.parquet,0.5720068710011179,6103.637057505363,951.1501202321633,5934.561563146118,6.154280287381345,0.008064405504667138,3554.0
00072617_geop5000.parquet,1.1800495422289332,6841.603955407476,1216.2093162239698,6736.159140122738,9.687111253559948,0.01755267408381868,5427.0
00072804_geop5000.parquet,0.7026762578103805,5974.004917914644,757.0552856203451,5862.825249796372,6.519719714086563,0.007583935799789939,2122.0
00072818_geop5000.parquet,0.878447772155779,5950.464707449644,824.6457810714493,5822.086881366617,8.021920550654011,0.008809986278091273,2256.0
00072910_geop5000.parquet,1.0185689389517638,6015.588432005791,1077.5967289507196,5675.447192684766,9.033764441460496,0.010569662871670509,1571.0
00073009_geop5000.parquet,1.06137162541083,5899.175936290846,858.5929668095448,5681.654128049317,9.617715672498054,0.009133128922915134,2030.0
00073018_geop5000.parquet,0.661579746865014,6053.2827021546345,928.44830106124,5809.878956566008,6.811417378434494,0.008364854980625357,3369.0
00073109_geop5000.parquet,0.2974421748391058,5815.002861883274,1006.3131348820336,5470.127785063261,4.1089027955750295,0.004847983332412776,2757.0
00073117_geop5000.parquet,0.10284471755156968,16606.47166748975,150.09261307390608,16573.37443140074,1.0193463478339377,0.000670410702387435,184.0
00073118_geop5000.parquet,0.2900115071074206,5781.329718242416,1100.4727403885036,5429.948082195079,4.170149118557365,0.004757043488779754,2439.0
00080109_geop5000.parquet,0.1856601722719737,6399.188631922019,1424.2956853531916,5809.741102181575,2.760626438549844,0.005566525495422823,2174.0
00080209_geop5000.parquet,0.2086464505309486,5771.748350635449,826.5821368221608,5460.638352018502,2.8697411237809476,0.0035670343984894235,1278.0
00080313_geop5000.parquet,0.20758720276401044,7015.010907556055,2055.4310723954964,6200.702484618056,3.522207874124767,0.007302770326818809,5817.0
00080322_geop5000.parquet,0.5140351780716262,6426.936066517664,1616.5302712904647,5667.8523527276075,5.557952708564155,0.010041305900666455,3694.0
00080411_geop5000.parquet,0.6826223594528276,5786.059643349501,1023.8539994648482,5486.304729144402,6.869623602885638,0.007399384219463738,1912.0
00080603_geop5000.parquet,0.5888383323696318,5674.087094471438,983.7256557777481,5356.171546582199,6.378229532883542,0.005863147963781562,2568.0
00082215_geop5000.parquet,1.0759015401829124,6029.363090121838,1178.7671889611884,5687.65924362327,9.753597576006841,0.010555806910100898,3158.0
00121216_geop5000.parquet,4.283692959951665,6936.457012511586,1313.7120450258856,6709.415331534877,29.11920377896077,0.03334057431126828,4130.0
00121316_geop5000.parquet,0.9690576945152007,6218.756663572867,1092.7233668571992,6096.254745003688,8.71617293243608,0.01027803041572264,5344.0
00121318_geop5000.parquet,0.9999621580836938,6168.079846593904,1072.11778749078,5950.823052077609,8.529425984967567,0.010985942473292954,2304.0
00121414_geop5000.parquet,0.6761370242869738,6190.768326981337,1400.8999628521597,5500.201443857066,6.741296945997816,0.009017060926031741,5619.0
00121418_geop5000.parquet,0.7933235475118916,6063.884527224898,1200.3612850206264,5670.123625416373,7.550725512735902,0.009433682278991105,3814.0
00121514_geop5000.parquet,0.9091012934663668,6093.0459617218185,1416.0737544486647,5574.932885499038,8.46513195166118,0.01079598092133634,3682.0
00121518_geop5000.parquet,0.4551342494733917,6559.4593530324455,1722.5156345745274,5767.011419428725,5.1421778647361585,0.009350107881851949,4232.0
00121614_geop5000.parquet,1.052096910615643,6078.775019117475,1388.2038266695008,5569.498637473821,9.35498112886576,0.011785733715698075,3758.0
00121615_geop5000.parquet,1.6188842483262749,6209.288226352193,1228.2475578838435,5865.686243146158,13.040492685026269,0.014101835168455786,4269.0
00121618_geop5000.parquet,1.074737672594766,6097.552551317424,1539.6215181643583,5550.980065180688,9.536005673090997,0.011375351689677082,3685.0
00121713_geop5000.parquet,2.198985964131288,6065.286739864036,1399.0793651747629,5611.35386736898,17.6615340647977,0.015364803782956162,4474.0
01033103_geop5000.parquet,1.9660579788970998,6069.52151803508,1123.6441542132623,5700.479700442321,15.936271463087328,0.0142710942372245,4574.0
01040403_geop5000.parquet,3.226052460501252,6145.705398107956,1027.0956600645434,5995.304428248719,24.727836155093602,0.018367597791186036,3745.0
01040405_geop5000.parquet,2.6134554107206247,6034.005006506015,1132.8154993657433,5673.659959678283,20.573491227361323,0.016118291991697422,4360.0
01040507_geop5000.parquet,1.4756077719148917,5979.669776096173,1141.1409325674842,5600.194958509666,12.525698593063089,0.011002267857003768,3452.0
01040508_geop5000.parquet,1.1224502002299275,5845.380640490595,1235.643759240826,5471.917186471709,10.263931267895336,0.010030656362725305,4035.0
01040605_geop5000.parquet,0.3222150894076474,7460.164450567783,1768.5702460549412,7273.192843794294,3.609427541347018,0.010345922519385495,3259.0
01040608_geop5000.parquet,1.3213308589968566,6271.811679389624,1406.8851742241386,5662.358153059986,10.418777468819764,0.013726873922224023,2816.0
01040609_geop5000.parquet,1.2853886029002055,6058.852393048259,1444.0281415909399,5407.680524521992,10.62942290805955,0.012335259488007344,2041.0
01040901_geop5000.parquet,3.229419215841893,6418.65126845553,1497.4648698858175,5870.17813043801,24.107236401253,0.022119461960941212,4223.0
01040903_geop5000.parquet,2.289945678771495,6752.070339794851,1682.8963841876218,6233.808439387527,16.775850422695868,0.02347505723088267,6507.0
01040905_geop5000.parquet,1.942977467353169,7103.762046096119,1621.9255092536505,6668.717466961972,13.972922446092394,0.02344294856953175,4228.0
01041001_geop5000.parquet,1.7482904913700772,6117.605914300197,1108.1546109478445,5811.490754392702,14.119377496262615,0.013953705444522046,5626.0
01041003_geop5000.parquet,1.109425377532676,6194.019459585133,1143.3222749993197,5835.421720884123,9.140859122830506,0.011644009506991434,4234.0
01041006_geop5000.parquet,2.131949889859588,6248.589949000952,1208.4148731934326,5862.8986304849595,16.533441852608583,0.016825422702019924,5226.0
01041008_geop5000.parquet,0.9882496796102354,6078.812622748573,1063.344585947952,5808.6298013956375,8.883680276697001,0.01001466202998659,5591.0
01041101_geop5000.parquet,2.6695346068522805,6134.62710252889,1122.2989808720986,5768.020914205746,20.71844099307002,0.01646924916724484,4639.0
01041103_geop5000.parquet,2.8212513697042687,6085.830515181982,1090.144918799295,5776.912526315183,21.85364326046193,0.016438552038709916,5467.0
01041104_geop5000.parquet,1.019162538980512,6317.994308454079,1673.0415370142505,5615.5323881447075,8.9043885380618,0.012013655288753654,3712.0
01041106_geop5000.parquet,3.2636853673245976,6165.749911397094,1048.6167523715994,5904.67797330143,24.719460893642726,0.01937679158742029,3145.0
01041107_geop5000.parquet,3.133880968051901,6173.13270715248,1092.5118689712153,5891.335479116106,23.912542221919335,0.019809924027970768,4739.0
01041109_geop5000.parquet,3.19566353766044,6213.319796209302,1097.7022772483563,5932.034726398071,24.14041485114352,0.020542268872736434,3783.0
01042419_geop5000.parquet,2.13277459468029,6202.958425074519,1224.0017217637287,5860.63998389588,17.024427953942713,0.017548217341438258,2780.0
01042513_geop5000.parquet,1.1893004586600249,6503.6927424585,1325.5197522829899,6135.359718664325,9.909142510801129,0.013590146133869116,5516.0
01042518_geop5000.parquet,0.8292620831940754,5506.698294943861,696.3164618656446,5353.670636233983,8.027253183267579,0.005685404295698257,2927.0
01042602_geop5000.parquet,1.3972519961492542,6053.281682669294,1160.9379080524282,5595.731628991779,11.755731087779978,0.012093625152235724,2471.0
01042614_geop5000.parquet,0.008552113906957549,5028.841551036716,11.00567452563042,5028.802739148669,0.07438326088422643,1.6761617006268002e-05,34.0
01042619_geop5000.parquet,0.5185808591467038,6241.68325731875,1307.6287421793895,5796.668029088426,5.671240160884179,0.008630448307800341,4428.0
01042700_geop5000.parquet,0.5934902550394969,5442.90402712925,453.3653108457547,5270.213755927772,5.156045605296568,0.0037692001790372424,508.0
01042714_geop5000.parquet,0.38866401528536526,6832.037425983069,1888.5506867872305,6307.673353285731,4.664639538850375,0.009472628446089166,4762.0
01042718_geop5000.parquet,0.7165581961695974,6802.190103907174,1914.6938755819979,6027.781232861579,6.79124529931623,0.01326911780842476,4268.0
01042815_geop5000.parquet,1.6185945943487838,6890.032317073393,1245.704274173553,6696.721113920128,12.459173282024238,0.019232671062636153,4302.0
01042819_geop5000.parquet,1.893667320635735,6110.552032882137,802.0012258627763,6043.100611528296,15.15017651988762,0.015150690039740303,2072.0
01042900_geop5000.parquet,2.254035001156706,6220.748384414312,1075.126075124979,5962.961315636192,17.802360515192504,0.017472863356039713,3375.0
01042914_geop5000.parquet,3.7978495976542304,6636.907763607655,1326.1831403555457,6351.371164920373,27.23497757088649,0.028018969341071003,2066.0
01042919_geop5000.parquet,2.121574409079418,5700.4207391887785,423.72556177832143,5675.528176623745,16.709527267636084,0.01079207957220328,317.0
01043000_geop5000.parquet,3.2034851552290373,6041.630112870505,972.4357403303896,5763.516869687923,29.46942199527325,0.02080061496863567,4493.0
01043014_geop5000.parquet,1.731852437745084,6246.542283595933,1267.7704175599577,5940.573784174464,14.249434014533286,0.014969939891074332,3767.0
01043018_geop5000.parquet,1.959747716729902,6278.552669159283,1324.4832396143565,5916.365062100194,15.659999735655921,0.016142466386549256,4043.0
01050100_geop5000.parquet,,,,,1.0,,
01050114_geop5000.parquet,2.3657911565415137,6368.304363674815,1400.1155762176854,5803.430217957404,18.46807922291189,0.020105660995024196,3112.0
01050119_geop5000.parquet,2.420445767148457,6373.41341442372,1297.1421341662563,5985.486270482932,18.679045731323477,0.019371620237629308,4528.0
01050123_geop5000.parquet,2.88739801124155,6255.216742765573,1415.7814846515926,5757.495397729929,22.712183500589685,0.021123959283692977,2952.0
01050214_geop5000.parquet,1.719321715518188,6671.966763499315,984.2821221425933,6523.715144780875,12.534034119325195,0.01935868836293544,1041.0
01050219_geop5000.parquet,2.0916664895232033,6690.684683828861,1387.5638973309299,6367.550993559076,15.527433779656196,0.020964428560873802,2377.0
01050300_geop5000.parquet,2.5712760680980753,6363.563143355774,1381.3773891494538,5830.332554365601,19.789642944075336,0.02100773665496504,2260.0
01050314_geop5000.parquet,1.1205018002114446,6655.983543532088,1445.672349151721,6262.954496195225,9.363748743560551,0.01509395838458722,2750.0
01050318_geop5000.parquet,1.386438570083469,6504.753402997364,1437.8166151366086,6049.288899354705,11.26392834626482,0.015289591065417031,3034.0
01050400_geop5000.parquet,1.4679897099028856,6267.478312737687,1486.6714061694995,5619.138978447213,12.133982849053194,0.014488771301956643,2577.0
01050414_geop5000.parquet,0.9853681445238102,7218.996042948317,2051.196629315269,6735.386871221185,8.090525925373413,0.017235342919179,4056.0
01050418_geop5000.parquet,1.5732741656470612,6868.622513163799,1610.8087489207287,6353.167439233658,12.060256021865698,0.018759869831067342,3341.0
01050423_geop5000.parquet,3.4961625164007257,6753.21901644174,1323.9582961556364,6474.543336346353,24.67832227098769,0.02790130652844869,3087.0
01050514_geop5000.parquet,5.035948427648687,6273.64485891748,1308.7713626838722,5886.278253310508,37.860719173529525,0.02570919298649069,3033.0
01050516_geop5000.parquet,4.973436889350834,6189.049433313021,1187.210758435262,5893.093728129922,37.789018437574576,0.02596334624590755,4266.0
01050518_geop5000.parquet,6.5213759513147265,6350.30680379357,1214.9182737545564,5997.963793180756,48.02727671895201,0.03109390535618929,2926.0
01102322_geop5000.parquet,2.3128927892988704,7369.98316605691,1357.2974319783564,7389.842414676829,14.635486097602264,0.02920790456428544,406.0
01103121_geop5000.parquet,0.9632826553707412,5905.009813778659,477.4772268634716,5961.271579318609,7.752868233968595,0.00807766754017528,860.0
01120719_geop5000.parquet,0.5520526462217742,5841.18033000363,783.12547538945,5711.054980480293,6.001827312183247,0.005822302820212188,5191.0
01120814_geop5000.parquet,2.4572916700894973,6164.895379765951,1054.4730085416813,5977.558612901734,18.937758899892167,0.01740540157869739,3109.0
01120818_geop5000.parquet,2.231302046492626,6597.370683498928,1184.5335491857684,6437.271952735803,16.579330027479855,0.019835751184568227,3579.0
01120913_geop5000.parquet,1.4321327551190022,6665.3105085342695,1558.226823469684,6198.002690840174,11.268584014588523,0.017629308778963133,3552.0
01120916_geop5000.parquet,1.0079977838201746,6566.973086725003,1608.2322227781058,5863.319259839717,8.666159172747767,0.013790266629426567,2566.0
01120919_geop5000.parquet,,,,,1.0,,
01121013_geop5000.parquet,0.6397602596355267,5988.95587233703,1240.9791686331582,5689.912122150448,6.607164908925238,0.0075039478217205375,3727.0
01121016_geop5000.parquet,0.5554740691822999,5911.895074330133,1083.7258931500892,5593.904014210753,6.00308684814777,0.006688979442055897,3524.0
01121019_geop5000.parquet,0.3448576558165577,5774.630384924937,819.1915015935605,5628.809854237932,4.491572122803414,0.00420420547756259,1448.0
01121114_geop5000.parquet,0.5094350304180876,6500.917051871638,1236.6229069599713,6217.970539991423,5.441776676342519,0.009241564534344783,1980.0
01121119_geop5000.parquet,0.5103964676477061,6133.274656702905,1221.9739189227644,5690.114445312592,5.029677019289742,0.007592376718663884,811.0
01121213_geop5000.parquet,0.3639032872071043,6641.968623890669,1212.119342803336,6773.308755594775,4.308220559247164,0.008488368731741035,1359.0
01121219_geop5000.parquet,0.5490301365725845,6552.951129720317,1284.0224309057971,6168.302515559986,5.5635211239373366,0.010106211928805576,1881.0
01121313_geop5000.parquet,0.4592470351325327,7206.3073571269015,1398.855133800744,7244.48137710692,4.966833047333216,0.01163578940303992,2394.0
01121318_geop5000.parquet,0.6711738793947685,6700.617399721612,1318.9038825780456,6334.040303588595,6.237173686253371,0.012074861705937903,1667.0
02110315_geop5000.parquet,1.029788343031957,5971.741440684775,691.879988864914,5937.99495584704,9.38330047189045,0.008975693966943608,2400.0
98082115_geop5000.parquet,4.825646097574077,6292.020335833971,1156.166323215356,5970.638607735844,35.27486947725392,0.024938075728998015,4267.0
98083121_geop5000.parquet,0.6725057782178419,7694.282086395814,1399.6285357347242,7439.052402485297,6.0224074170839685,0.015935389431130178,4448.0
98100917_geop5000.parquet,0.11325814729154227,6959.072343916667,1877.5226562905732,6357.642620163451,2.7416054266095076,0.005589410716361508,2404.0
98101003_geop5000.parquet,0.7304658396771135,6202.719748079354,1155.3474795059137,5917.928593011566,7.13092164846381,0.009783497440713891,2580.0
98101103_geop5000.parquet,0.952943626065878,6477.438783201833,1156.133206019317,6356.357186142928,8.332317856075775,0.01310952326181821,2716.0
98101116_geop5000.parquet,0.5050623011353516,6492.007622875732,1020.1811374143962,6394.764629305666,5.51488843756898,0.008398278233161856,3104.0
98101202_geop5000.parquet,1.2847159306588347,6562.064643395146,1270.7621270748036,6295.462163980516,10.255419500907108,0.01570986934684701,1970.0
98101218_geop5000.parquet,0.3596274803678312,6566.739554472917,1624.8597913235299,5927.392487765025,4.495322240617298,0.008127041036059175,2290.0
98102414_geop5000.parquet,2.6635798155765746,6319.94218703726,932.1359942640959,6116.988843846383,19.729589842671416,0.018476485174644213,2458.0
98102512_geop5000.parquet,0.18863172523274715,6209.055480357557,1547.9180139217183,5538.790806441342,3.208288848297024,0.004905931227743475,2418.0
98102521_geop5000.parquet,0.5906784344791156,5801.146980990254,834.0544089799628,5660.171791309624,5.987400663475002,0.005629562165321738,3254.0
98112405_geop5000.parquet,0.6418430441675245,6110.804137160761,1572.5608695181722,5297.833465994341,6.537871349229665,0.00916240754631795,3033.0
98112411_geop5000.parquet,0.1401633547884601,6087.226633519926,1265.8745738304096,5651.556774100492,2.893686152888668,0.004009835758374034,2555.0
98112416_geop5000.parquet,0.3786680060594195,6214.024251435771,2295.8978276013418,5541.843160322318,4.67873732729755,0.005969363185234042,930.0
98112423_geop5000.parquet,1.7332271930760026,5443.744087572025,530.7930808258627,5369.567789516505,15.956483947650202,0.007601408965649256,3031.0
98112516_geop5000.parquet,0.25753556814202483,5761.421270316733,1113.8869955355901,5397.12943678127,3.952288695471972,0.004051842571338311,2386.0
98112521_geop5000.parquet,1.7565690732080446,5745.497520726457,616.459374884576,5680.637353150219,15.078816401540097,0.010422472551537307,3606.0
98112615_geop5000.parquet,0.8169083698481081,5768.272772345332,765.1700162662289,5665.257587517302,7.869232760076309,0.007104876063685137,2291.0
98112621_geop5000.parquet,0.9995992687722366,5708.842522063402,799.5661306940408,5602.379352938874,9.35666302490118,0.0073012695681524695,3145.0
98112715_geop5000.parquet,0.9839594936748706,5630.974853313447,1007.2386964280286,5379.023301665811,9.410744776650713,0.007171795424208127,2843.0
98112720_geop5000.parquet,0.7796285843490895,5984.6871062623395,1077.045167280782,5731.745635306458,7.529256471400211,0.007791191160330807,2988.0
98120515_geop5000.parquet,0.3784023884154676,5757.883272506546,410.0217033192394,5770.3832376165055,3.2468699161903007,0.004027829682936245,255.0
98120523_geop5000.parquet,0.8989226901893596,5585.586850690908,692.4390838367967,5455.648121872286,8.366145684205108,0.006032459402457353,1740.0
98120623_geop5000.parquet,0.7321459205347346,5755.050195120668,1470.7623812887305,5297.9615359298905,7.2731630519700925,0.007634454707278329,1986.0
98120705_geop5000.parquet,0.291147411695414,5808.984002921731,1116.2013894395852,5361.4696306194855,4.091061135389065,0.004499497514863667,3241.0
98120714_geop5000.parquet,0.1805273918401797,6359.693416319,1841.8933821342428,5422.913055242671,3.356257118648749,0.005549909038366541,3657.0
98120723_geop5000.parquet,1.2933812163767737,5657.664142097832,994.0473932269991,5479.828884212627,11.863353047084448,0.00848462882903445,3722.0
98120805_geop5000.parquet,0.703465263417343,5736.935350779762,1416.8780059939763,5197.102605051974,7.329284175804152,0.008005461959013534,2671.0
98120822_geop5000.parquet,,,,,1.0,,
98120905_geop5000.parquet,0.7695376530097717,5818.428449566245,1053.9067528997944,5381.206858997537,7.570926952790269,0.007995165201749475,2840.0
98120915_geop5000.parquet,1.158532123364153,5777.615759498801,615.2754892843744,5687.802337338542,9.816362685326167,0.00822863650817134,1444.0
98120923_geop5000.parquet,2.8216750291399717,6324.326907900454,873.0338126240857,6230.499299017422,21.296417447767542,0.020060281240860695,4004.0
98121005_geop5000.parquet,1.2193680264185092,5461.699192733338,310.78874782521876,5422.227363735747,9.608257370863626,0.005159701597674529,206.0
98121015_geop5000.parquet,0.9568524694726285,5936.279936262912,773.3443175477084,5823.413405341833,8.709707262661206,0.008956771725494148,3693.0
98121023_geop5000.parquet,1.7323757173434098,6288.661561366137,1108.7978439543185,5850.704989445362,13.787969197525584,0.015508991940522677,3483.0
98121105_geop5000.parquet,1.5308202011924879,6506.260423395187,1156.2432521609703,6404.81430013143,11.571102466484009,0.015726476044208543,1263.0
98121115_geop5000.parquet,1.9182074363091188,6420.448969566644,968.2842606283741,6334.589103645729,14.695911124900721,0.01756637603567737,4516.0
98121123_geop5000.parquet,2.8195532962178067,6494.202233381506,1024.1872383560624,6406.584357252451,20.738834316643104,0.02187443658863107,3461.0
98121205_geop5000.parquet,1.6221080762603755,5813.302045536595,491.8093538467176,5797.933801417296,12.205386495639438,0.010343906536326518,291.0
99021718_geop5000.parquet,5.502131547888447,6155.337239585004,1003.3941467022919,5912.8492959757705,41.00468523562973,0.02468239025050113,3380.0
99030415_geop5000.parquet,5.004996611268791,6210.039376037242,1194.8832154806848,5915.678645786351,37.56865086054885,0.025216417254379894,3135.0
99030615_geop5000.parquet,5.818347202137539,6163.745682361421,1141.1692937274022,5782.875180978566,43.93501727880617,0.02507704777335261,3706.0
99030915_geop5000.parquet,4.513875933156032,6013.7272731435505,1092.799946453468,5695.150513692922,34.58240907687055,0.020962664342936036,3407.0
99031018_geop5000.parquet,7.289802287785294,6340.527155746955,1142.09182489165,6091.1594193113815,52.606897119119765,0.03230585799124703,4038.0
99031415_geop5000.parquet,1.801604465515173,5792.407586386601,951.8798492655682,5504.485940403225,15.373943221138891,0.01168140073677327,4750.0
99110319_geop5000.parquet,1.4234928123226496,6626.842637896571,1295.076242332697,6393.379059270748,11.023759833420641,0.01728415387799363,1749.0
99110402_geop5000.parquet,1.888453728359007,5689.652964084918,654.2099353035103,5553.941114188113,16.431002965770144,0.009773964822361432,3718.0
99110409_geop5000.parquet,0.7983155059586597,5332.670559516337,197.7119027143611,5328.4157815617755,6.601650631465258,0.00323218768785784,128.0
99110410_geop5000.parquet,0.7253616732774635,5340.842854774795,205.95373630100102,5318.7442699068115,6.056554515512019,0.0031762387245135577,209.0
99110412_geop5000.parquet,1.013541594620365,6192.214425737747,1174.705719060472,5847.444587081885,8.970242383277615,0.010913629977343697,2707.0
99110500_geop5000.parquet,1.4299892934992697,6047.648821963357,737.8935968948725,5971.848895003682,12.258941105233298,0.012336185587352944,2718.0
99110510_geop5000.parquet,0.5838616993005001,6325.980184921758,1252.3601893679374,5992.2711760207185,6.002156375102949,0.008969727861905403,3251.0
99110516_geop5000.parquet,0.8722981705020035,6549.936016393962,1317.2940736957623,6240.858139268103,7.82996167766843,0.012948185630256914,3951.0
99110518_geop5000.parquet,2.2348068429217127,6348.278691714155,1180.8141880625367,6073.77904733514,17.032660836659232,0.018415824920057538,5160.0
99110601_geop5000.parquet,2.8342146628627503,6435.447056471854,1188.747658889102,6168.930854076448,21.096348697312234,0.021834335753570074,4435.0
99110604_geop5000.parquet,2.463332448670433,6357.660786175852,969.7267829412637,6185.0992717954605,18.72760890980173,0.019701702158294154,3941.0
99110609_geop5000.parquet,2.7254080793797106,6335.037790784604,1241.8985419778683,5997.959122298148,20.66910116641779,0.019823934840690647,4165.0
99110612_geop5000.parquet,2.0604940909112526,6219.162690473139,983.4045752898488,5970.065265223541,16.09788603423174,0.01646412588611145,3231.0
99110618_geop5000.parquet,1.9372848299667134,5999.849968395467,983.3601644737206,5733.522511102365,15.65970653046676,0.01331053365064923,3923.0
99110701_geop5000.parquet,1.570296290272203,5723.132491631478,746.1016491167676,5532.611284409694,13.757371570697206,0.00925747048990273,3187.0
99110704_geop5000.parquet,1.0413358173930922,5747.414088188487,977.3887534187301,5349.9720542000205,9.755299322217287,0.008135930919171764,3254.0
99110710_geop5000.parquet,1.12198173887266,5942.426992918999,1037.4769623680643,5573.536110280453,10.090346044399702,0.009583858109621955,3914.0
99110712_geop5000.parquet,0.49465935064656325,6311.63328539855,1352.637283840371,5881.030561036106,5.52609783622439,0.00821372789116536,4051.0
99110718_geop5000.parquet,1.1333043054884766,6943.485389973735,1882.1550454322833,6374.602405924848,9.061330451645926,0.01673739243946205,1778.0
99110719_geop5000.parquet,0.7037811421775799,6166.5014698978275,993.6942421129805,5977.135699617842,6.911052431360387,0.00897280662149565,3328.0
99110800_geop5000.parquet,1.032315099964274,5530.031786577327,506.88929132954735,5435.898860007969,9.44353099492696,0.0054913113552284,1164.0
99110804_geop5000.parquet,0.5202579747543262,5538.313148794272,906.1975318674363,5239.24816894441,6.112835674021977,0.005154280375960832,5411.0
99110809_geop5000.parquet,0.4492733291014379,5733.900925722258,865.069046103684,5489.975677611317,5.413644393596687,0.005011477493140531,5458.0
99110813_geop5000.parquet,0.33362266242502314,6101.571782257008,1062.798170925827,5831.040571675851,4.487568898497204,0.005912126642510468,4479.0
99110819_geop5000.parquet,0.33853633781898074,5986.513868301124,985.2391527109071,5794.06929764739,4.476629670397275,0.005600019576925865,3142.0
99110913_geop5000.parquet,0.24616351951946847,9094.251906342512,4279.049420096909,7185.313773310994,3.492272636167778,0.010184489890226696,2736.0
99110915_geop5000.parquet,0.32449794542188,5851.083783406918,1007.1362231119784,5638.087624071962,4.492917262110623,0.004674417822009493,3437.0
99110918_geop5000.parquet,0.7726933801997997,5996.164677276162,882.0343773318731,5831.538012795572,7.579906114596958,0.008612583053345188,3391.0
99111000_geop5000.parquet,1.0504554512798971,5884.491132764684,765.9023769910186,5756.167214980084,9.291580569392174,0.00885397683095068,1507.0
99111004_geop5000.parquet,0.8046044702941991,5712.465415565907,1177.1098249921095,5403.605620152469,8.150590729614777,0.007249657040605378,3924.0
99111009_geop5000.parquet,0.5690722115446026,5751.145255734968,1073.307114315092,5334.51301720201,6.296166019772456,0.0061708211487660775,2881.0
99111012_geop5000.parquet,0.26999855926599026,6238.18248186819,1504.9540079328588,5717.961694085133,4.03858648706422,0.006039555355189656,3698.0
99111018_geop5000.parquet,1.0521411100828468,6218.081135210903,1090.9274315913858,5948.456317156019,9.255792908879473,0.011973985745553016,2954.0
99111113_geop5000.parquet,0.4117709838948181,5675.208964882107,872.7393445170542,5325.249199578548,4.727450225517282,0.0052898019272407965,2933.0
99111214_geop5000.parquet,0.24977131949010306,6774.543586072823,1489.0345291761453,6479.33666999487,3.8213094511787906,0.007538602381148411,3222.0
